19 0.6578125 0.78046875 0.2390625 0.165625
19 0.84921875 0.74765625 0.15625 0.1421875
19 0.57890625 0.65859375 0.125 0.10625
19 0.740625 0.5296875 0.2125 0.146875
19 0.79453125 0.6203125 0.2015625 0.1328125
19 0.91328125 0.621875 0.1734375 0.16875
19 0.60234375 0.453125 0.171875 0.121875
19 0.7453125 0.3421875 0.234375 0.1484375
19 0.49765625 0.51171875 0.1703125 0.1296875
19 0.6140625 0.5859375 0.146875 0.1140625
19 0.409375 0.69765625 0.1734375 0.1390625
19 0.4578125 0.61796875 0.146875 0.0984375
19 0.365625 0.44375 0.209375 0.2640625
19 0.17890625 0.37734375 0.2328125 0.31875