18 0.20234375 0.62265625 0.1390625 0.2234375
18 0.21171875 0.81640625 0.1265625 0.1421875
18 0.3328125 0.55859375 0.09375 0.1140625
18 0.44140625 0.73515625 0.1234375 0.1984375
18 0.34453125 0.77734375 0.1109375 0.1890625
18 0.32734375 0.90390625 0.1484375 0.1734375
18 0.534375 0.60703125 0.103125 0.1609375
18 0.6265625 0.7625 0.121875 0.221875
18 0.48828125 0.49609375 0.1109375 0.1578125
18 0.40078125 0.60234375 0.0984375 0.1359375
18 0.31484375 0.3859375 0.1203125 0.159375
18 0.38828125 0.44375 0.0828125 0.1375
18 0.571875 0.3734375 0.24375 0.18125
18 0.6609375 0.19609375 0.296875 0.1984375