19 0.81171875 0.41484375 0.165625 0.2390625
19 0.82421875 0.22265625 0.1421875 0.15625
19 0.6734375 0.4625 0.10625 0.125
19 0.58828125 0.27421875 0.146875 0.2125
19 0.68828125 0.2453125 0.1328125 0.2015625
19 0.7203125 0.1203125 0.16875 0.190625
19 0.47890625 0.39140625 0.121875 0.171875
19 0.40625 0.22421875 0.1484375 0.234375
19 0.5109375 0.50703125 0.1296875 0.1703125
19 0.6109375 0.41015625 0.1140625 0.146875
19 0.67109375 0.6359375 0.1390625 0.1734375
19 0.60546875 0.56953125 0.0984375 0.146875
19 0.41328125 0.6171875 0.2640625 0.209375
19 0.3046875 0.78203125 0.31875 0.2328125