20 0.38359375 0.3828125 0.125 0.146875
20 0.65546875 0.43984375 0.1453125 0.2609375
20 0.328125 0.534375 0.1578125 0.2109375
20 0.6078125 0.065625 0.165625 0.13125
20 0.3796875 0.1734375 0.184375 0.2484375
20 0.70703125 0.18984375 0.16875 0.2515625
20 0.23203125 0.54609375 0.115625 0.175
20 0.525 0.5296875 0.1671875 0.2
20 0.48046875 0.38359375 0.1265625 0.146875
20 0.778125 0.45859375 0.14375 0.1640625
20 0.83984375 0.5484375 0.1328125 0.1453125
20 0.8046875 0.38359375 0.1828125 0.1875
20 0.58515625 0.5890625 0.14375 0.1625
20 0.71484375 0.575 0.1328125 0.1390625
20 0.42890625 0.62734375 0.1421875 0.1796875
20 0.28671875 0.675 0.1328125 0.14375
20 0.165625 0.66171875 0.15 0.16875
20 0.1515625 0.4515625 0.13125 0.1625
20 0.24453125 0.3765625 0.1234375 0.1421875
20 0.09375 0.30703125 0.165625 0.1765625
20 0.14921875 0.23671875 0.1125 0.128125
20 0.21796875 0.28828125 0.0984375 0.115625
20 0.57421875 0.26953125 0.1140625 0.1578125
20 0.46953125 0.2796875 0.134375 0.1234375
20 0.63671875 0.278125 0.10625 0.1234375
20 0.46875 0.14296875 0.1109375 0.121875
20 0.5625 0.17265625 0.1484375 0.1265625
20 0.33671875 0.29921875 0.146875 0.1484375
20 0.42265625 0.48515625 0.140625 0.1421875
20 0.27578125 0.21328125 0.1375 0.1484375
20 0.275 0.10625 0.1375 0.16875
20 0.18828125 0.15390625 0.1078125 0.1125
20 0.4609375 0.11796875 0.1265625 0.15625