3 0.74296875 0.36484375 0.09140625 0.1359375
3 0.29375 0.4625 0.11796875 0.13671875
3 0.38828125 0.74140625 0.0953125 0.15234375
3 0.42890625 0.5671875 0.1 0.15234375
3 0.73359375 0.23515625 0.0921875 0.1296875
3 0.628125 0.65859375 0.10625 0.1546875
3 0.15546875 0.41484375 0.0953125 0.128125
3 0.3875 0.28046875 0.09921875 0.15
3 0.4671875 0.70078125 0.09375 0.13984375
3 0.328125 0.63125 0.09609375 0.13515625
3 0.30234375 0.79453125 0.103125 0.14375
3 0.8203125 0.31953125 0.09609375 0.1359375
3 0.45625 0.85859375 0.09609375 0.159375
3 0.93828125 0.278125 0.096875 0.1296875
3 0.56328125 0.39453125 0.09140625 0.1421875
3 0.5234375 0.571875 0.09296875 0.14375
3 0.37109375 0.9109375 0.10625 0.15078125
3 0.14609375 0.28046875 0.1 0.14375
3 0.240625 0.33515625 0.09921875 0.1484375
3 0.65625 0.43046875 0.09453125 0.13828125
3 0.40234375 0.42421875 0.090625 0.14765625
3 0.6421875 0.17890625 0.09609375 0.14453125
3 0.12890625 0.5671875 0.0984375 0.13203125
3 0.80546875 0.8234375 0.09921875 0.1484375
3 0.51875 0.8078125 0.096875 0.14453125
3 0.8015625 0.53984375 0.10703125 0.146875
3 0.240625 0.19453125 0.09609375 0.140625
3 0.63984375 0.8625 0.10234375 0.15546875
3 0.8734375 0.65078125 0.09296875 0.1328125
3 0.14140625 0.73203125 0.11015625 0.15546875
3 0.93828125 0.50390625 0.10078125 0.1375
3 0.06015625 0.40078125 0.0984375 0.1453125
3 0.32578125 0.16953125 0.0859375 0.13046875
3 0.9015625 0.76796875 0.1015625 0.14921875
3 0.5203125 0.25390625 0.078125 0.12421875
3 0.19296875 0.49921875 0.09765625 0.13671875
3 0.2484375 0.715625 0.10390625 0.14375
3 0.70234375 0.74921875 0.09375 0.13828125
3 0.17734375 0.11171875 0.0828125 0.12578125
3 0.61171875 0.50703125 0.09453125 0.1375
3 0.82421875 0.1921875 0.09921875 0.134375
3 0.728125 0.6140625 0.1 0.134375
3 0.79609375 0.68984375 0.0984375 0.13515625
3 0.0734375 0.20234375 0.08984375 0.125
3 0.096875 0.109375 0.08828125 0.1296875
3 0.58359375 0.3296875 0.084375 0.12578125
3 0.86875 0.38203125 0.09140625 0.125
3 0.059375 0.66328125 0.09140625 0.13515625
3 0.659375 0.309375 0.08984375 0.128125
3 0.87734375 0.8984375 0.10859375 0.1515625
3 0.68125 0.09609375 0.09765625 0.1328125
3 0.2640625 0.91953125 0.10625 0.15078125
3 0.2015625 0.8390625 0.11640625 0.171875
3 0.95546875 0.6328125 0.0890625 0.13125
3 0.57265625 0.14375 0.07734375 0.13828125
3 0.81328125 0.0875 0.08984375 0.1140625
3 0.2671875 0.58203125 0.0984375 0.13203125
3 0.8890625 0.0609375 0.08359375 0.12109375
3 0.0796875 0.790625 0.0953125 0.14765625
3 0.296875 0.09296875 0.0859375 0.12109375
3 0.353125 0.53984375 0.0796875 0.1359375
3 0.52578125 0.93828125 0.11953125 0.12265625
3 0.76484375 0.9328125 0.08984375 0.10625
3 0.1734375 0.63984375 0.1015625 0.1359375
3 0.234375 0.0609375 0.078125 0.11796875