3 0.709375 0.3171875 0.1171875 0.1515625
3 0.290625 0.50625 0.1453125 0.159375
3 0.440625 0.759375 0.125 0.1703125
3 0.44453125 0.58046875 0.1296875 0.1703125
3 0.6734375 0.1921875 0.1171875 0.1453125
3 0.65859375 0.628125 0.1359375 0.1734375
3 0.1453125 0.48828125 0.1203125 0.1453125
3 0.34453125 0.30859375 0.1296875 0.1671875
3 0.509375 0.703125 0.1203125 0.1578125
3 0.359375 0.6640625 0.1234375 0.1515625
3 0.36796875 0.82890625 0.13125 0.1625
3 0.77578125 0.25703125 0.1234375 0.153125
3 0.53203125 0.86015625 0.128125 0.1765625
3 0.8828125 0.1921875 0.121875 0.146875
3 0.53984375 0.38359375 0.11875 0.1578125
3 0.5375 0.565625 0.121875 0.159375
3 0.459375 0.921875 0.134375 0.15625
3 0.1078125 0.35859375 0.128125 0.1609375
3 0.21171875 0.39296875 0.128125 0.165625
3 0.63828125 0.39921875 0.1203125 0.1546875
3 0.3890625 0.44609375 0.11875 0.1625
3 0.57265625 0.15625 0.125 0.1609375
3 0.15078125 0.64296875 0.1234375 0.1484375
3 0.86640625 0.753125 0.128125 0.165625
3 0.58203125 0.796875 0.125 0.1609375
3 0.803125 0.4765625 0.134375 0.165625
3 0.1828125 0.25546875 0.1234375 0.1578125
3 0.7125 0.82578125 0.1328125 0.175
3 0.896875 0.56953125 0.11875 0.15
3 0.19765625 0.8015625 0.1390625 0.175
3 0.9296875 0.4125 0.1265625 0.1546875
3 0.05625 0.49375 0.1125 0.1625
3 0.2609375 0.21328125 0.1109375 0.146875
3 0.94140625 0.67890625 0.1171875 0.1671875
3 0.46875 0.2546875 0.103125 0.1390625
3 0.19921875 0.56328125 0.1234375 0.1546875
3 0.2984375 0.76328125 0.13125 0.1625
3 0.75 0.7015625 0.1203125 0.1546875
3 0.10390625 0.1875 0.10625 0.1390625
3 0.6109375 0.48359375 0.1203125 0.1546875
3 0.753125 0.13125 0.125 0.1515625
3 0.746875 0.5640625 0.125 0.1515625
3 0.82890625 0.62421875 0.125 0.1515625
3 0.0390625 0.296875 0.078125 0.140625
3 0.03984375 0.20078125 0.0796875 0.1453125
3 0.54609375 0.31640625 0.1078125 0.1390625
3 0.8359375 0.3078125 0.1140625 0.140625
3 0.103125 0.7515625 0.1171875 0.15
3 0.61640625 0.28046875 0.115625 0.14375
3 0.940625 0.81015625 0.11875 0.1703125
3 0.5921875 0.07109375 0.121875 0.1421875
3 0.35625 0.9375 0.134375 0.125
3 0.27890625 0.89375 0.1484375 0.1921875
3 0.9578125 0.534375 0.084375 0.146875
3 0.496875 0.13671875 0.1046875 0.15
3 0.7203125 0.04765625 0.1125 0.0953125
3 0.2890625 0.62890625 0.1234375 0.1484375
3 0.78828125 0.02890625 0.1078125 0.0578125
3 0.14921875 0.871875 0.1234375 0.1640625
3 0.21640625 0.14375 0.109375 0.1375
3 0.36484375 0.56953125 0.10625 0.15
3 0.61640625 0.9234375 0.1421875 0.14375
3 0.84921875 0.86796875 0.1109375 0.1234375
3 0.209375 0.7046875 0.128125 0.1546875
3 0.14921875 0.12578125 0.1015625 0.1328125