20 0.61328125 0.10859375 0.1546875 0.171875
20 0.62421875 0.27109375 0.1625 0.1625
20 0.6578125 0.4 0.146875 0.140625
20 0.67265625 0.50859375 0.14375 0.14375
20 0.54140625 0.45078125 0.134375 0.13125
20 0.5015625 0.2671875 0.1421875 0.1578125
20 0.44921875 0.1265625 0.1671875 0.184375
20 0.3265625 0.1578125 0.146875 0.1625
20 0.2109375 0.16484375 0.1484375 0.153125
20 0.38125 0.3015625 0.1546875 0.178125
20 0.21171875 0.309375 0.2046875 0.1984375
20 0.421875 0.4625 0.1734375 0.175
20 0.275 0.4796875 0.159375 0.165625
20 0.51640625 0.58125 0.1671875 0.178125
20 0.38359375 0.62578125 0.1578125 0.171875
20 0.24921875 0.61484375 0.14375 0.146875