14 0.3203125 0.4953125 0.07265625 0.13828125
14 0.38046875 0.759375 0.1015625 0.159375
14 0.35625 0.6578125 0.090625 0.1578125
14 0.32109375 0.31171875 0.0859375 0.09609375
14 0.5453125 0.353125 0.07734375 0.125
14 0.34375 0.38515625 0.0984375 0.1125
14 0.4796875 0.4671875 0.0984375 0.109375
14 0.259375 0.4390625 0.08125 0.1125
14 0.27265625 0.5875 0.0953125 0.08984375
14 0.66484375 0.21328125 0.090625 0.1171875
14 0.47890625 0.2703125 0.07578125 0.11171875
14 0.69296875 0.41875 0.06875 0.109375
14 0.1109375 0.7390625 0.0921875 0.1515625
14 0.59296875 0.58203125 0.090625 0.11328125
14 0.8453125 0.72734375 0.08203125 0.1109375
14 0.72734375 0.26328125 0.07890625 0.121875
14 0.4359375 0.0984375 0.0859375 0.09453125
14 0.240625 0.11640625 0.07578125 0.0953125
14 0.41953125 0.1828125 0.096875 0.10703125
14 0.5578125 0.45859375 0.08046875 0.10234375
14 0.1609375 0.49375 0.1046875 0.13125
14 0.071875 0.390625 0.07734375 0.09921875
14 0.67265625 0.32265625 0.06875 0.1046875
14 0.46796875 0.56015625 0.06796875 0.08984375
14 0.4078125 0.40546875 0.0953125 0.109375
14 0.03828125 0.7640625 0.0765625 0.15859375
14 0.82421875 0.81640625 0.07578125 0.11328125
14 0.2265625 0.35 0.08203125 0.11171875
14 0.9015625 0.6703125 0.0890625 0.10078125
14 0.04765625 0.3046875 0.0953125 0.08984375
14 0.7453125 0.06015625 0.07734375 0.11796875
14 0.36796875 0.078125 0.1046875 0.1125
14 0.5671875 0.24609375 0.06953125 0.10234375
14 0.05390625 0.20859375 0.10546875 0.10859375
14 0.3515625 0.225 0.075 0.1
14 0.30390625 0.1671875 0.08828125 0.11953125
14 0.06875 0.87734375 0.08671875 0.11796875
14 0.29140625 0.87734375 0.0921875 0.12265625
14 0.36875 0.8984375 0.08984375 0.1046875
14 0.8671875 0.290625 0.084375 0.10859375
14 0.965625 0.43203125 0.06875 0.0921875
14 0.4515625 0.8796875 0.09296875 0.11484375
14 0.69453125 0.74765625 0.10859375 0.11875
14 0.6375 0.53515625 0.0765625 0.08125
14 0.575 0.68046875 0.075 0.1
14 0.8078125 0.4765625 0.07109375 0.11640625
14 0.74296875 0.4421875 0.06953125 0.11953125
14 0.6390625 0.8640625 0.09296875 0.109375
14 0.8671875 0.4390625 0.0578125 0.10546875
14 0.6546875 0.0828125 0.08515625 0.0953125
14 0.915625 0.49140625 0.07109375 0.08828125
14 0.81015625 0.13359375 0.078125 0.09140625
14 0.13125 0.31328125 0.0921875 0.1046875
14 0.1578125 0.39140625 0.08203125 0.096875
14 0.89375 0.81484375 0.08046875 0.10703125
14 0.62421875 0.3875 0.06796875 0.12734375
14 0.70625 0.5640625 0.0703125 0.09296875
14 0.1109375 0.940625 0.096875 0.11484375