13 0.3046875 0.1625 0.13828125 0.16796875
13 0.31328125 0.3421875 0.128125 0.18125
13 0.62734375 0.24609375 0.115625 0.16875
13 0.2109375 0.4484375 0.1390625 0.18671875
13 0.5390625 0.665625 0.11484375 0.1703125
13 0.52578125 0.6703125 0.10078125 0.1546875
13 0.1015625 0.72578125 0.12890625 0.1703125
13 0.6125 0.0796875 0.11171875 0.15859375
13 0.7171875 0.15546875 0.115625 0.1640625
13 0.92890625 0.48125 0.1328125 0.18046875
13 0.6296875 0.41796875 0.11171875 0.16484375
13 0.92421875 0.30390625 0.13046875 0.165625
13 0.52265625 0.5046875 0.09453125 0.14921875
13 0.10234375 0.90234375 0.13203125 0.17890625
13 0.73515625 0.84296875 0.1296875 0.17578125
13 0.934375 0.65078125 0.12734375 0.1546875
13 0.51875 0.3375 0.1109375 0.16796875
13 0.6265625 0.58203125 0.1125 0.16015625
13 0.31953125 0.6984375 0.1234375 0.17578125
13 0.321875 0.70625 0.12578125 0.17734375
13 0.63359375 0.7515625 0.1203125 0.1671875
13 0.32265625 0.53359375 0.1296875 0.17890625
13 0.215625 0.625 0.13359375 0.1765625
13 0.43125 0.77109375 0.12890625 0.1796875
13 0.21640625 0.80625 0.13671875 0.1765625
13 0.33359375 0.8875 0.13125 0.18359375
13 0.434375 0.60234375 0.125 0.17109375
13 0.4203125 0.42890625 0.12421875 0.175
13 0.72734375 0.4953125 0.11953125 0.16953125
13 0.834375 0.5765625 0.1359375 0.1734375
13 0.728125 0.6703125 0.11875 0.1625
13 0.94140625 0.815625 0.1171875 0.16875
13 0.09140625 0.3671875 0.13671875 0.17578125
13 0.20078125 0.26796875 0.125 0.178125
13 0.4375 0.92890625 0.12109375 0.1359375
13 0.4125 0.25078125 0.1234375 0.17734375
13 0.09453125 0.54375 0.14453125 0.18515625
13 0.62578125 0.91953125 0.11953125 0.15703125
13 0.81953125 0.23359375 0.121875 0.16484375
13 0.72265625 0.325 0.11796875 0.17265625
13 0.8296875 0.3984375 0.140625 0.1703125
13 0.84453125 0.74375 0.134375 0.15390625
13 0.08828125 0.1921875 0.1296875 0.175