14 0.8375 0.3046875 0.16875 0.1375
14 0.6578125 0.31328125 0.18125 0.128125
14 0.75390625 0.62734375 0.16875 0.115625
14 0.5515625 0.2109375 0.1875 0.1390625
14 0.334375 0.5390625 0.1703125 0.115625
14 0.3296875 0.52578125 0.1546875 0.1
14 0.27421875 0.1015625 0.1703125 0.128125
14 0.9203125 0.6125 0.159375 0.1125
14 0.84453125 0.7171875 0.1640625 0.115625
14 0.51875 0.92890625 0.18125 0.1328125
14 0.58203125 0.6296875 0.165625 0.1125
14 0.69609375 0.92421875 0.165625 0.13125
14 0.4953125 0.52265625 0.15 0.09375
14 0.09765625 0.10234375 0.178125 0.13125
14 0.15703125 0.73515625 0.175 0.1296875
14 0.34921875 0.934375 0.1546875 0.128125
14 0.6625 0.51875 0.16875 0.1109375
14 0.41796875 0.6265625 0.159375 0.1125
14 0.3015625 0.31953125 0.175 0.1234375
14 0.29375 0.321875 0.178125 0.125
14 0.2484375 0.63359375 0.1671875 0.1203125
14 0.46640625 0.32265625 0.178125 0.1296875
14 0.375 0.215625 0.1765625 0.134375
14 0.22890625 0.43125 0.1796875 0.128125
14 0.19375 0.21640625 0.1765625 0.1375
14 0.1125 0.33359375 0.184375 0.13125
14 0.39765625 0.434375 0.171875 0.125
14 0.57109375 0.4203125 0.175 0.125
14 0.5046875 0.72734375 0.16875 0.11875
14 0.4234375 0.834375 0.1734375 0.1359375
14 0.3296875 0.728125 0.1625 0.11875
14 0.184375 0.94140625 0.16875 0.1171875
14 0.6328125 0.09140625 0.175 0.1375
14 0.73203125 0.20078125 0.178125 0.125
14 0.07109375 0.4375 0.1359375 0.121875
14 0.74921875 0.4125 0.178125 0.1234375
14 0.45625 0.09453125 0.184375 0.14375
14 0.08046875 0.62578125 0.15625 0.11875
14 0.76640625 0.81953125 0.165625 0.121875
14 0.675 0.72265625 0.171875 0.11875
14 0.6015625 0.8296875 0.1703125 0.140625
14 0.25625 0.84453125 0.153125 0.134375
14 0.8078125 0.08828125 0.175 0.1296875