14 0.12890625 0.62109375 0.19375 0.171875
14 0.30703125 0.65 0.2046875 0.1625
14 0.278125 0.32265625 0.1890625 0.1484375
14 0.38984375 0.771875 0.2125 0.175
14 0.6703125 0.49609375 0.190625 0.1484375
14 0.671875 0.51015625 0.171875 0.1296875
14 0.6375 0.928125 0.19375 0.14375
14 0.1125 0.30234375 0.1796875 0.14375
14 0.2078125 0.215625 0.184375 0.146875
14 0.57109375 0.0796875 0.2046875 0.159375
14 0.446875 0.35625 0.1859375 0.14375
14 0.39609375 0.0625 0.1890625 0.125
14 0.509375 0.47890625 0.165625 0.1234375
14 0.81015625 0.94453125 0.2015625 0.1109375
14 0.884375 0.34140625 0.1984375 0.1625
14 0.7375 0.10625 0.178125 0.1578125
14 0.3453125 0.44765625 0.1875 0.14375
14 0.60625 0.39296875 0.1796875 0.14375
14 0.65625 0.71796875 0.196875 0.1578125
14 0.66484375 0.7171875 0.2 0.159375
14 0.77421875 0.421875 0.1890625 0.153125
14 0.49609375 0.68046875 0.2015625 0.1640625
14 0.56328125 0.80390625 0.2 0.16875
14 0.75078125 0.6234375 0.203125 0.1625
14 0.740625 0.84140625 0.2015625 0.171875
14 0.84453125 0.74296875 0.2078125 0.1671875
14 0.58671875 0.58515625 0.19375 0.1578125
14 0.4140625 0.56328125 0.196875 0.159375
14 0.54296875 0.2765625 0.1890625 0.1515625
14 0.64453125 0.1890625 0.1984375 0.16875
14 0.7140625 0.3125 0.184375 0.15
14 0.90078125 0.13359375 0.1890625 0.15
14 0.28515625 0.871875 0.2 0.1703125
14 0.2109375 0.74453125 0.2 0.159375
14 0.90625 0.65 0.1578125 0.146875
14 0.23828125 0.53359375 0.2 0.1578125
14 0.45859375 0.90546875 0.2109375 0.1796875
14 0.9234375 0.46328125 0.153125 0.1484375
14 0.30546875 0.13203125 0.1875 0.153125
14 0.375 0.24609375 0.1921875 0.1515625
14 0.46953125 0.15625 0.1953125 0.1734375
14 0.81015625 0.2140625 0.178125 0.1625
14 0.11328125 0.8390625 0.1984375 0.1625