14 0.2109375 0.41640625 0.2453125 0.3453125
14 0.2671875 0.57890625 0.2328125 0.346875
14 0.31328125 0.778125 0.246875 0.32421875
14 0.428125 0.365625 0.221875 0.296875
14 0.32421875 0.21015625 0.18828125 0.29296875
14 0.49765625 0.17734375 0.1859375 0.22578125
14 0.59609375 0.49453125 0.17421875 0.26640625
14 0.6953125 0.2609375 0.21796875 0.259375
14 0.734375 0.7890625 0.1953125 0.36875
14 0.8609375 0.5453125 0.1984375 0.30703125
14 0.625 0.7671875 0.14609375 0.3515625
14 0.909375 0.32265625 0.18046875 0.24921875