3 0.46484375 0.815625 0.2296875 0.28828125
3 0.1359375 0.72265625 0.20625 0.2828125
3 0.68671875 0.78515625 0.2296875 0.28984375
3 0.77265625 0.6 0.25859375 0.30390625
3 0.20234375 0.51328125 0.2078125 0.21171875
3 0.29765625 0.34609375 0.190625 0.25
3 0.53984375 0.6515625 0.19453125 0.23828125
3 0.69140625 0.234375 0.21328125 0.22734375
3 0.5078125 0.2046875 0.171875 0.1625
3 0.41953125 0.4890625 0.2140625 0.21640625
3 0.87421875 0.32734375 0.18984375 0.27265625
3 0.6296875 0.43046875 0.2125 0.23203125