1 0.234375 0.6875 0.28125 0.625
1 0.1859375 0.35859375 0.2640625 0.6515625
1 0.36953125 0.39609375 0.2234375 0.671875
1 0.48203125 0.634375 0.2796875 0.70625
1 0.096875 0.35234375 0.19375 0.6203125
1 0.72734375 0.4828125 0.2609375 0.69375
1 0.6078125 0.31640625 0.184375 0.5546875
1 0.609375 0.7953125 0.178125 0.3859375
1 0.84296875 0.16796875 0.1890625 0.3359375
1 0.91328125 0.73359375 0.1734375 0.4515625
1 0.76484375 0.80625 0.203125 0.35
1 0.33515625 0.828125 0.1546875 0.34375
1 0.8609375 0.4703125 0.209375 0.646875
1 0.3109375 0.1546875 0.240625 0.2921875
1 0.53046875 0.15703125 0.1671875 0.3140625