17 0.4921875 0.2515625 0.1359375 0.1859375
17 0.38046875 0.334375 0.1140625 0.140625
17 0.29765625 0.40390625 0.1234375 0.1625
17 0.446875 0.42890625 0.1546875 0.1890625
17 0.559375 0.4671875 0.1515625 0.2
17 0.42265625 0.61640625 0.1859375 0.2453125
17 0.2765625 0.6140625 0.165625 0.23125
17 0.1734375 0.56328125 0.146875 0.19375
17 0.11953125 0.45625 0.134375 0.1765625
17 0.05 0.58359375 0.1 0.1640625
17 0.0765625 0.7 0.1421875 0.2140625
17 0.16953125 0.75546875 0.165625 0.2328125
17 0.29453125 0.81171875 0.16875 0.21875
17 0.40546875 0.83359375 0.1640625 0.2078125
17 0.52890625 0.8390625 0.1609375 0.2296875
17 0.64375 0.83828125 0.1578125 0.2203125
17 0.7546875 0.86640625 0.18125 0.2359375
17 0.85703125 0.7609375 0.125 0.1953125
17 0.7890625 0.65546875 0.1734375 0.225
17 0.671875 0.63984375 0.1421875 0.2015625
17 0.56875 0.64765625 0.1703125 0.234375
17 0.63515625 0.515625 0.115625 0.1671875
17 0.7078125 0.41875 0.1375 0.1765625
17 0.7796875 0.51796875 0.1171875 0.1671875
17 0.828125 0.43671875 0.0984375 0.1265625
17 0.71875 0.2765625 0.1171875 0.165625
17 0.59453125 0.18671875 0.09375 0.11875
17 0.65234375 0.24375 0.0984375 0.1609375
17 0.3453125 0.2296875 0.1015625 0.128125
17 0.21953125 0.340625 0.0984375 0.171875