17 0.4078125 0.26953125 0.13125 0.1828125
17 0.33046875 0.38515625 0.1109375 0.1375
17 0.2765625 0.47890625 0.11875 0.1609375
17 0.42578125 0.4515625 0.15 0.1859375
17 0.54453125 0.4484375 0.1453125 0.196875
17 0.4671875 0.6359375 0.1796875 0.2421875
17 0.32890625 0.68359375 0.159375 0.228125
17 0.21484375 0.67109375 0.1421875 0.190625
17 0.12734375 0.5890625 0.1296875 0.1734375
17 0.10078125 0.734375 0.10625 0.1609375
17 0.1703125 0.8328125 0.1359375 0.2109375
17 0.2765625 0.853125 0.159375 0.2296875
17 0.41328125 0.86328125 0.1640625 0.215625
17 0.52578125 0.8453125 0.159375 0.2046875
17 0.64296875 0.80859375 0.1546875 0.2265625
17 0.75078125 0.76875 0.1515625 0.2171875
17 0.8640625 0.75703125 0.175 0.2328125
17 0.92421875 0.6234375 0.11875 0.19375
17 0.825 0.54765625 0.1671875 0.221875
17 0.709375 0.57265625 0.1375 0.1984375
17 0.615625 0.615625 0.1640625 0.23125
17 0.6328125 0.46875 0.1109375 0.165625
17 0.6671875 0.35234375 0.1328125 0.175
17 0.76875 0.42109375 0.1125 0.165625
17 0.78671875 0.328125 0.0953125 0.125
17 0.62890625 0.215625 0.1125 0.1640625
17 0.48125 0.1734375 0.090625 0.1171875
17 0.55546875 0.20703125 0.09375 0.159375
17 0.2625 0.2984375 0.0984375 0.125
17 0.18203125 0.44609375 0.09375 0.171875