16 0.4453125 0.2578125 0.10625 0.16796875
16 0.35078125 0.36015625 0.0921875 0.12578125
16 0.2828125 0.44453125 0.09609375 0.14765625
16 0.434375 0.440625 0.12578125 0.16875
16 0.55234375 0.45625 0.11953125 0.18125
16 0.44609375 0.62890625 0.14765625 0.22109375
16 0.30234375 0.6546875 0.12734375 0.2109375
16 0.19140625 0.62421875 0.11484375 0.17421875
16 0.11796875 0.5296875 0.10625 0.159375
16 0.06875 0.66875 0.084375 0.15078125
16 0.12265625 0.77734375 0.10703125 0.196875
16 0.22421875 0.8140625 0.128125 0.21328125
16 0.3578125 0.8453125 0.13515625 0.19765625
16 0.47109375 0.8453125 0.13125 0.1859375
16 0.59296875 0.82734375 0.1234375 0.209375
16 0.70546875 0.8046875 0.12265625 0.20078125
16 0.81953125 0.8109375 0.14375 0.21328125
16 0.9 0.68828125 0.0921875 0.18125
16 0.81328125 0.59765625 0.13828125 0.20234375
16 0.6953125 0.6046875 0.109375 0.18359375
16 0.59609375 0.63203125 0.1328125 0.2125
16 0.6359375 0.48984375 0.08671875 0.153125
16 0.68828125 0.38046875 0.109375 0.15859375
16 0.778125 0.4640625 0.0890625 0.153125
16 0.81015625 0.375 0.07734375 0.1140625
16 0.671875 0.2390625 0.09140625 0.1515625
16 0.5328125 0.17421875 0.07421875 0.10703125
16 0.60078125 0.21953125 0.07109375 0.14921875
16 0.296875 0.2640625 0.08125 0.1140625
16 0.19453125 0.396875 0.06796875 0.1625