9 0.6640625 0.10703125 0.5890625 0.175
9 0.62578125 0.25546875 0.628125 0.1875
9 0.8691019890625 0.422288271875 0.9076602312500001 0.41956750625000006 0.92476499375 0.40354428750000004 0.9262999984375 0.37684268125 0.90719925625 0.35919526875 0.8165906703125 0.32417928125 0.49652815156249996 0.2677436234375 0.3477216875 0.24785144531249997 0.31866734218750004 0.2506614015625 0.30391531875 0.2623396578125 0.295771803125 0.2815295890625 0.3007523609375 0.29827383749999997 0.321663190625 0.3146538125 0.46594631406250003 0.3512010484375 0.668609453125 0.3805896125 0.8691019890625 0.422288271875
9 0.8760785265625 0.47270314999999996 0.8757142546875001 0.45677287812499995 0.8408616203125 0.42048194062500005 0.7760514749999999 0.40112114375 0.33822905937500003 0.3286810515625 0.304558428125 0.33067703125 0.2900777296875 0.34081652500000004 0.2811202390625 0.36462274375 0.28329459687499997 0.379285578125 0.320046509375 0.40480518125 0.43255827968749994 0.43257706249999994 0.790365065625 0.49090824062499994 0.849198540625 0.49017594062500003 0.8760785265625 0.47270314999999996
9 0.8270353 0.5798776046875 0.8445935234374999 0.570280759375 0.8524657140624999 0.552629590625 0.84721383125 0.5374241046875 0.8244929140625 0.522311565625 0.7899153609375 0.5114547984375 0.342585290625 0.411952584375 0.30094952343750003 0.4141307 0.28800758593750003 0.4245415203125 0.280135396875 0.44219268906250003 0.2835771921875 0.4586656109375 0.3049414828125 0.48147196093750005 0.389484209375 0.50589875 0.5856317843750001 0.545244671875 0.790829796875 0.578253409375 0.8270353 0.5798776046875
9 0.801972915625 0.650028821875 0.8105698921875 0.6372652640625 0.8089381828125 0.6195249046875 0.7936397515625 0.607307753125 0.6913566656250001 0.5845126734375 0.6020155171875 0.5513067734375 0.5305076734374999 0.5339381999999999 0.35617409375000003 0.49685206875 0.2740770515625 0.48554935312499997 0.2418559921875 0.49732055624999993 0.2318132015625 0.5272818234375001 0.23425888437500003 0.5404058953125 0.25435573906250003 0.5614021578124999 0.315817034375 0.5817590671875 0.570798084375 0.620372690625 0.7530968 0.657276684375 0.801972915625 0.650028821875
9 0.724596375 0.7379279109375 0.825519078125 0.7414438703124999 0.834840840625 0.7335679234375 0.84225956875 0.7094903796875001 0.8385464484374999 0.6945562203125 0.7920193140625 0.6704861906249999 0.5825655296875001 0.6256208156249999 0.291468165625 0.5758791015625 0.26295647187500004 0.5756115328125 0.2423207234375 0.5846657265624999 0.22856481093749997 0.5996928328125 0.2261228828125 0.613541690625 0.2351770765625 0.6341774390625 0.2517429453125 0.6482046765625 0.3270531 0.6710035140625 0.724596375 0.7379279109375
9 0.7664255484375 0.8246337265625 0.8144876875 0.82200215 0.842092459375 0.8094169718750001 0.8428134890625 0.7873316515625 0.8206352234375001 0.7691415875 0.734011084375 0.7475209984375 0.44888663125 0.6908994484375001 0.239072334375 0.657076734375 0.20694046562500001 0.6593440390625 0.18422330468749998 0.6712044328125 0.16947503749999998 0.7098556203124999 0.17726179375 0.72868128125 0.192560225 0.74089843125 0.272486665625 0.76451124375 0.4767777546875 0.784667234375 0.7664255484375 0.8246337265625
9 0.7314095609375 0.9152423125 0.794316671875 0.9184015125 0.823913665625 0.9125140328124999 0.835045515625 0.9033706499999999 0.8337743218749999 0.87458763125 0.8254449156250001 0.8588394953125 0.7129331453125001 0.8310676140625001 0.52085920625 0.7956131921875 0.2404439859375 0.7572746515625 0.20396715625 0.75718921875 0.180253884375 0.7657007609375001 0.167494084375 0.7840767171875 0.1639668546875 0.8040806249999999 0.1817109703125 0.8294218484375 0.2121256984375 0.8458910140624999 0.244439703125 0.8515888453124999 0.7314095609375 0.9152423125
9 0.75504115625 0.9701805312499999 0.75168855 0.9442037109375001 0.705975390625 0.9155173937500001 0.555176703125 0.8889275171875 0.21339313437500002 0.8477011015624999 0.179904640625 0.8576622171875 0.16705565 0.8855420703125001 0.18860207499999998 0.9163135562500001 0.2275245890625 0.9295230625 0.494904925 0.9608033890625001 0.687250190625 0.9947190484374999 0.7468976406250001 0.9893704624999999 0.75504115625 0.9701805312499999
9 0.3843693828125 0.17498321875 0.6998683781249999 0.21950797500000002 0.8144979890625 0.24606668437499998 0.9480060203124999 0.2537417125 0.993893803125 0.2364473015625 0.95931249375 0.1986176015625 0.8779364796875001 0.165229565625 0.8335837046875 0.15582237031249999 0.8011805109375001 0.1596284375 0.734214115625 0.1509936640625 0.5211258046875 0.11024723750000001 0.43106362656249997 0.09912665781249999 0.36960608906250003 0.1057426796875 0.3540400890625 0.12203722343750001 0.3495167484375 0.13869228125 0.3654507765625 0.1653009421875 0.3843693828125 0.17498321875