16 0.71875 0.56875 0.1359375 0.1703125
16 0.71796875 0.3921875 0.15625 0.1796875
16 0.27421875 0.7109375 0.1671875 0.1984375
16 0.315625 0.8921875 0.2125 0.215625
16 0.20859375 0.3578125 0.1703125 0.215625
16 0.0671875 0.2640625 0.134375 0.146875
16 0.28984375 0.2765625 0.1375 0.23125
16 0.2078125 0.34921875 0.1625 0.20625
16 0.72265625 0.571875 0.140625 0.1609375
16 0.87421875 0.53203125 0.1828125 0.2015625
16 0.74375 0.85625 0.1921875 0.246875
16 0.13046875 0.54375 0.159375 0.1859375
16 0.53125 0.140625 0.309375 0.2375
16 0.640625 0.525 0.209375 0.178125
16 0.49140625 0.46171875 0.20625 0.2125