14 0.53046875 0.4640625 0.17734375 0.2625
14 0.22890625 0.25859375 0.16484375 0.4734375
14 0.79296875 0.28984375 0.16953125 0.396875
14 0.37109375 0.50234375 0.18828125 0.35234375
14 0.159375 0.528125 0.19921875 0.3265625
14 0.56953125 0.775 0.16484375 0.43828125
14 0.58515625 0.13359375 0.121875 0.26328125
14 0.428125 0.16875 0.19453125 0.33671875
14 0.4 0.76953125 0.18671875 0.41171875
14 0.084375 0.2578125 0.1609375 0.2828125
14 0.90859375 0.559375 0.17109375 0.2390625
14 0.70546875 0.60859375 0.23203125 0.26171875
14 0.8203125 0.89609375 0.27578125 0.2
14 0.14140625 0.90625 0.2703125 0.18203125