15 0.875 0.35078125 0.059375 0.0703125
15 0.7875 0.403125 0.07421875 0.08671875
15 0.55 0.478125 0.0703125 0.084375
15 0.31015625 0.42734375 0.05625 0.0703125
15 0.16953125 0.59609375 0.059375 0.084375
15 0.7890625 0.70390625 0.07890625 0.0796875
15 0.61015625 0.3734375 0.0640625 0.05859375
15 0.69453125 0.51875 0.07265625 0.078125
15 0.50078125 0.77734375 0.0828125 0.09453125
15 0.41640625 0.43203125 0.0453125 0.06328125
15 0.340625 0.55390625 0.06796875 0.08671875
15 0.55859375 0.55625 0.0625 0.06875
15 0.46640625 0.63046875 0.08203125 0.09453125