14 0.85859375 0.22578125 0.08828125 0.15546875
14 0.6109375 0.31953125 0.071875 0.12109375
14 0.7859375 0.171875 0.06796875 0.1390625
14 0.90546875 0.16640625 0.08671875 0.12890625
14 0.8484375 0.3828125 0.0703125 0.13125
14 0.53203125 0.60234375 0.078125 0.121875
14 0.54765625 0.29921875 0.059375 0.12421875
14 0.68125 0.3234375 0.06953125 0.09609375
14 0.48125 0.53203125 0.06640625 0.103125
14 0.6390625 0.40703125 0.07421875 0.1328125
14 0.86015625 0.5171875 0.07265625 0.14765625
14 0.4046875 0.1109375 0.07265625 0.14375
14 0.66015625 0.24140625 0.065625 0.071875
14 0.4671875 0.6390625 0.0671875 0.109375
14 0.59453125 0.49375 0.05859375 0.1015625
14 0.71171875 0.26796875 0.05546875 0.109375
14 0.54765625 0.71328125 0.0640625 0.11484375
14 0.54921875 0.41328125 0.059375 0.1078125
14 0.490625 0.4125 0.0625 0.09296875
14 0.35234375 0.05078125 0.06015625 0.09296875
14 0.89921875 0.3890625 0.05625 0.125
14 0.915625 0.271875 0.06328125 0.1109375
14 0.8953125 0.06015625 0.05859375 0.08828125
14 0.48515625 0.7375 0.06640625 0.12265625
14 0.4234375 0.415625 0.04609375 0.11171875
14 0.3046875 0.05 0.05703125 0.1
14 0.59296875 0.6625 0.04453125 0.10625