16 0.609375 0.88828125 0.0765625 0.065625
16 0.56640625 0.79609375 0.0953125 0.084375
16 0.51640625 0.55234375 0.090625 0.078125
16 0.5921875 0.31875 0.0765625 0.0640625
16 0.4390625 0.1609375 0.090625 0.0671875
16 0.2671875 0.76640625 0.0875 0.0859375
16 0.6140625 0.62265625 0.065625 0.0703125
16 0.4609375 0.69140625 0.0859375 0.0796875
16 0.22421875 0.471875 0.1015625 0.0921875
16 0.5765625 0.42421875 0.0671875 0.0515625
16 0.46328125 0.3359375 0.09375 0.078125
16 0.43828125 0.55234375 0.075 0.06875
16 0.3734375 0.453125 0.1015625 0.090625