15 0.8296875 0.615625 0.16875 0.1328125
15 0.8328125 0.3515625 0.13828125 0.1453125
15 0.84296875 0.15390625 0.11484375 0.1625
15 0.703125 0.2875 0.128125 0.17421875
15 0.3921875 0.2 0.109375 0.165625
15 0.284375 0.575 0.13046875 0.15546875
15 0.51484375 0.63671875 0.159375 0.2046875
15 0.56015625 0.81953125 0.1734375 0.18671875
15 0.68203125 0.6796875 0.1609375 0.18515625
15 0.14140625 0.30859375 0.1546875 0.190625
15 0.265625 0.21484375 0.1359375 0.165625
15 0.496875 0.27421875 0.16640625 0.20234375
15 0.46015625 0.4359375 0.1515625 0.18046875