15 0.70703125 0.5984375 0.115625 0.15703125
15 0.73125 0.4234375 0.134375 0.16328125
15 0.246875 0.67734375 0.14453125 0.1796875
15 0.2609375 0.88359375 0.18203125 0.2328125
15 0.23125 0.31875 0.14453125 0.19765625
15 0.09921875 0.20546875 0.12734375 0.1296875
15 0.32265625 0.24921875 0.1078125 0.21796875
15 0.23125 0.31015625 0.13828125 0.1890625
15 0.71015625 0.60234375 0.12109375 0.1453125
15 0.86640625 0.58359375 0.15859375 0.18203125
15 0.69140625 0.88671875 0.1625 0.2265625
15 0.128125 0.4921875 0.13671875 0.16796875
15 0.58125 0.1484375 0.284375 0.20078125
15 0.6359375 0.54453125 0.18984375 0.15390625
15 0.496875 0.4609375 0.18125 0.1890625