9 0.49609375 0.08828125 0.5859375 0.1765625
9 0.5203125 0.22578125 0.625 0.2171875
9 0.8093957812499999 0.284246340625 0.8438257421875001 0.26667595624999996 0.8533099890625 0.24524314375 0.8442898203125001 0.2200644109375 0.8198121 0.21128313593749998 0.7227246218750001 0.2144543453125 0.40605434999999995 0.2875634375 0.261304784375 0.32739590937499996 0.23565805625 0.3413349234375 0.2266418046875 0.357848890625 0.2266437640625 0.37869524062500004 0.237770890625 0.3921623421875 0.2634195765625 0.399069678125 0.4105130359375 0.376335678125 0.6085484640625001 0.324201196875 0.8093957812499999 0.284246340625
9 0.8355163796875 0.3279275296875 0.8289566125000001 0.3134059703125 0.7826945953125 0.2936179953125 0.7154716765625 0.30111962812500004 0.2841494171875 0.40550901875 0.2539353296875 0.420502490625 0.2445675921875 0.4354940046875 0.245624009375 0.4609077140625 0.2533547421875 0.47355533593750004 0.297156359375 0.4826861375 0.411575328125 0.46428843750000004 0.76373001875 0.378176321875 0.8176003859375 0.35451416562500004 0.8355163796875 0.3279275296875
9 0.8322482484375 0.44574484999999997 0.8446608921875001 0.4300503640625 0.8450104187499999 0.4107264671875 0.8342347796875 0.39878181874999996 0.807415125 0.393748421875 0.77134424375 0.397265240625 0.3206961296875 0.480458753125 0.2832212625 0.498732109375 0.2753759765625 0.5133721375 0.27502645000000003 0.532696034375 0.28463112343749997 0.5465146234375 0.31320820625 0.559160284375 0.400574503125 0.5486117875 0.596502975 0.5081889359375 0.79828628125 0.4583963890625 0.8322482484375 0.44574484999999997
9 0.836588465625 0.520112040625 0.839514903125 0.5050040171875 0.8310811984375001 0.4893114890625 0.8122252968750001 0.48404311718750004 0.7091664718749999 0.5030253203124999 0.6139529328125 0.5073674968749999 0.541343171875 0.5193199796875 0.3663775609375 0.5532995734374999 0.2863905125 0.5749732390625 0.261330246875 0.598398459375 0.2637926078125 0.62990198125 0.2711718546875 0.6410271484375001 0.297875 0.65250184375 0.3624044984375 0.6472256359374999 0.6122033359375 0.5831406296874999 0.794429728125 0.5458811531250001 0.836588465625 0.520112040625
9 0.7997078953125001 0.6312570015625 0.8939815265625001 0.5950598171875 0.8994848765624999 0.5841676671875 0.8969060078125001 0.55910544375 0.8876528203125 0.546809309375 0.83541945625 0.5428323296875 0.625085934375 0.5833736484375 0.33769376093750003 0.651326959375 0.3113440609375 0.6622210671875 0.2958865109375 0.6786185265625 0.289095684375 0.6978259140625 0.2922590578125 0.7115279921875 0.30865651562499996 0.72698554375 0.3293863578125 0.7334248828125001 0.407617934375 0.7249853015625 0.7997078953125001 0.6312570015625
9 0.8720905125 0.694726165625 0.9153037062499999 0.6735244125000001 0.9357966125000001 0.6511536515625 0.9278309015625 0.630542278125 0.9003082750000001 0.622463975 0.812122496875 0.636408865625 0.527540253125 0.695695453125 0.3211895859375 0.7465424578125 0.2924979515625 0.7611844453125001 0.2762209203125 0.7809782953125 0.277747290625 0.822319509375 0.292270809375 0.8366060921875 0.3111267109375 0.841874465625 0.3939256484375 0.8323804265625 0.5898521609375 0.7711112250000001 0.8720905125 0.694726165625
9 0.8752617203125 0.7918136453125 0.9344024203125001 0.7701419375 0.959346175 0.7531580171875001 0.9660204921875 0.740391928125 0.95360393125 0.7143937140625 0.939783384375 0.7031520375 0.825364415625 0.7215497375 0.6347062765625 0.7639630359375 0.36160264531249997 0.8382391796875 0.3279921640625 0.8524131703125001 0.30948970781249996 0.8695136 0.30492430625 0.891414409375 0.309493625 0.9112063015625 0.335728775 0.9275998421875 0.37016069375 0.9308758078125001 0.40213221250000003 0.9234946015625001 0.8752617203125 0.7918136453125
9 0.42330342187500003 1 0.6753601875 0.926162559375 0.8656668406250001 0.8822268062499999 0.9184827500000001 0.8539972921875 0.9184807906250001 0.8331509421875 0.9052447484374999 0.8105491203125 0.8519569265625 0.80200478125 0.7027565109375 0.8364504109374999 0.37203463281250004 0.9320467750000001 0.3451004296875 0.954301028125 0.344166396875 0.98498506875 0.368195309375 1 0.42330342187500003 1
9 0.2665672828125 0.24600095624999999 0.5743828468750001 0.1637109328125 0.6902772734375 0.143368996875 0.8161709374999999 0.09826815312500001 0.8516533984375 0.06441877812499999 0.8050398937500001 0.043108350000000004 0.717087134375 0.04417064375 0.6725845046875001 0.052841284375 0.64424435625 0.06900572499999999 0.5792275906250001 0.087223228125 0.36715787031249997 0.13297618125 0.279910040625 0.15792972968750002 0.2259231640625 0.188033184375 0.21796137031249999 0.20911451093750003 0.2203052640625 0.2262129828125 0.2453694453125 0.24448046250000002 0.2665672828125 0.24600095624999999