22 0.77109375 0.29453125 0.109375 0.17109375
22 0.8859375 0.38984375 0.11875 0.18828125
22 0.7796875 0.78125 0.11953125 0.17421875
22 0.3359375 0.4609375 0.11015625 0.15703125
22 0.4421875 0.41328125 0.12109375 0.14765625
22 0.4359375 0.24609375 0.1140625 0.1765625
22 0.5296875 0.615625 0.1109375 0.18828125
22 0.56953125 0.4640625 0.115625 0.1453125
22 0.425 0.56328125 0.09765625 0.15390625
22 0.60234375 0.31953125 0.10546875 0.15078125
22 0.0515625 0.5359375 0.1015625 0.16796875
22 0.1265625 0.39296875 0.11328125 0.159375
22 0.13046875 0.8546875 0.109375 0.13828125
22 0.09765625 0.69375 0.1015625 0.17109375
22 0.1609375 0.5296875 0.09453125 0.1640625
22 0.2015625 0.70078125 0.08984375 0.15078125
22 0.2671875 0.82421875 0.10546875 0.1640625