15 0.54140625 0.52265625 0.29375 0.228125
15 0.6796875 0.184375 0.496875 0.2609375
15 0.76640625 0.74296875 0.4234375 0.2484375
15 0.47109375 0.37421875 0.384375 0.25625
15 0.4015625 0.17265625 0.3609375 0.2640625
15 0.2453125 0.625 0.4625 0.253125
15 0.8671875 0.50703125 0.265625 0.1734375
15 0.809375 0.3609375 0.3703125 0.259375
15 0.21796875 0.4578125 0.4359375 0.26875
15 0.65 0.075 0.309375 0.15
15 0.52578125 0.9015625 0.2703125 0.196875
15 0.43671875 0.7234375 0.3046875 0.28125
15 0.178125 0.86953125 0.253125 0.2609375
15 0.071875 0.23359375 0.14375 0.3015625