15 0.70078125 0.9046875 0.1703125 0.115625
15 0.65625 0.64296875 0.1328125 0.09375
15 0.7671875 0.84296875 0.15 0.09375
15 0.74921875 0.953125 0.1421875 0.09375
15 0.5484375 0.8640625 0.1421875 0.09375
15 0.39375 0.51171875 0.134375 0.1
15 0.68828125 0.58515625 0.134375 0.0828125
15 0.6390625 0.71171875 0.1078125 0.0859375
15 0.471875 0.47578125 0.1140625 0.084375
15 0.56484375 0.65390625 0.1453125 0.0984375
15 0.4140625 0.85 0.1578125 0.0984375
15 0.9 0.48046875 0.1546875 0.0984375
15 0.7234375 0.70625 0.0828125 0.078125
15 0.36953125 0.44140625 0.1203125 0.0875
15 0.48828125 0.59375 0.1109375 0.078125
15 0.6875 0.75234375 0.11875 0.0765625
15 0.28125 0.50625 0.125 0.084375
15 0.57578125 0.56484375 0.1171875 0.078125
15 0.5875 0.5078125 0.1046875 0.0796875
15 0.95859375 0.43984375 0.0828125 0.0765625
15 0.5328125 0.91328125 0.1328125 0.0796875
15 0.64453125 0.9515625 0.121875 0.084375
15 0.85625 0.9671875 0.096875 0.065625
15 0.26953125 0.43984375 0.1328125 0.0875
15 0.59765625 0.440625 0.11875 0.0671875
15 0.96171875 0.39375 0.0765625 0.075
15 0.32265625 0.56015625 0.1125 0.0625