9 0.084375 0.40703125 0.07421875 0.58515625
9 0.2375 0.41875 0.0796875 0.6234375
9 0.3 0.734375 0.3203125 0.7390625 0.3359375 0.73125 0.3484375 0.7078125 0.359375 0.559375 0.353125 0.3546875 0.359375 0.15 0.35 0.1125 0.33125 0.0984375 0.3046875 0.1015625 0.290625 0.1234375 0.271875 0.21875 0.271875 0.54375 0.278125 0.69375 0.2859375 0.721875 0.3 0.734375
9 0.4046875 0.7390625 0.41875 0.734375 0.4375 0.69375 0.4453125 0.578125 0.440625 0.215625 0.4296875 0.1578125 0.4078125 0.134375 0.3921875 0.1375 0.3625 0.178125 0.3546875 0.2453125 0.359375 0.6890625 0.3671875 0.721875 0.3796875 0.734375 0.4046875 0.7390625
9 0.48125 0.7265625 0.496875 0.7203125 0.515625 0.6953125 0.525 0.6078125 0.5296875 0.4078125 0.5265625 0.2 0.521875 0.1640625 0.509375 0.1484375 0.490625 0.14375 0.4765625 0.1515625 0.465625 0.1765625 0.4609375 0.2125 0.440625 0.6703125 0.45 0.7109375 0.4625 0.721875 0.48125 0.7265625
9 0.5734375 0.759375 0.5859375 0.7546875 0.603125 0.73125 0.6125 0.6671875 0.60625 0.409375 0.6109375 0.2234375 0.5953125 0.1765625 0.58125 0.1703125 0.5640625 0.175 0.5546875 0.1921875 0.55 0.296875 0.5328125 0.390625 0.528125 0.4640625 0.521875 0.6421875 0.525 0.725 0.5421875 0.7546875 0.5734375 0.759375
9 0.628125 0.7390625 0.6453125 0.75 0.659375 0.75 0.678125 0.7375 0.6890625 0.71875 0.6984375 0.640625 0.6953125 0.2375 0.68125 0.1375 0.671875 0.1296875 0.646875 0.1265625 0.6328125 0.1328125 0.6171875 0.1828125 0.609375 0.396875 0.6109375 0.6921875 0.615625 0.7203125 0.628125 0.7390625
9 0.7234375 0.78125 0.7640625 0.7890625 0.78125 0.778125 0.790625 0.7609375 0.8 0.678125 0.784375 0.4734375 0.7734375 0.18125 0.7625 0.134375 0.7453125 0.109375 0.7234375 0.1125 0.709375 0.1375 0.703125 0.2265625 0.696875 0.5171875 0.7 0.7296875 0.7078125 0.7609375 0.7234375 0.78125
9 0.8171875 0.76875 0.8375 0.778125 0.8578125 0.778125 0.8796875 0.75625 0.890625 0.7234375 0.890625 0.690625 0.86875 0.2 0.8609375 0.1375 0.85 0.109375 0.8390625 0.1 0.8109375 0.10625 0.796875 0.1171875 0.7890625 0.2328125 0.7875 0.428125 0.7984375 0.7109375 0.8046875 0.746875 0.8171875 0.76875
9 0.9375 0.7609375 0.9640625 0.734375 0.9703125 0.69375 0.9546875 0.425 0.9546875 0.2296875 0.9390625 0.171875 0.91875 0.1671875 0.89375 0.175 0.8734375 0.225 0.8734375 0.378125 0.8921875 0.721875 0.9078125 0.753125 0.9375 0.7609375
9 0.1125 0.546875 0.1171875 0.6375 0.134375 0.696875 0.153125 0.709375 0.1703125 0.7109375 0.19375 0.690625 0.2 0.6703125 0.1890625 0.351875 0.1953125 0.234375 0.1796875 0.1015625 0.1546875 0.059375 0.1234375 0.1 0.1046875 0.1859375 0.103125 0.23125 0.1125 0.2625 0.115625 0.3299484375 0.1125 0.546875