24 0.6765625 0.840625 0.19375 0.196875
24 0.7984375 0.62578125 0.18125 0.190625
24 0.6703125 0.34375 0.2203125 0.20625
24 0.61328125 0.19140625 0.20625 0.2015625
24 0.6984375 0.509375 0.184375 0.1875
24 0.65234375 0.68984375 0.1890625 0.165625
24 0.36953125 0.340625 0.153125 0.15625
24 0.415625 0.47109375 0.1765625 0.16875
24 0.45234375 0.63671875 0.184375 0.184375
24 0.528125 0.91640625 0.184375 0.1671875
24 0.46875 0.7875 0.175 0.1625
24 0.24609375 0.46796875 0.184375 0.190625
24 0.2765625 0.62421875 0.1921875 0.1859375
24 0.24296875 0.8953125 0.14375 0.1625
24 0.28046875 0.775 0.1640625 0.1578125