15 0.44765625 0.53046875 0.08046875 0.11953125
15 0.48359375 0.7875 0.08984375 0.15
15 0.58203125 0.72734375 0.1265625 0.1671875
15 0.29609375 0.703125 0.10703125 0.16640625
15 0.17109375 0.4625 0.07890625 0.11796875
15 0.3953125 0.73125 0.115625 0.16015625
15 0.27890625 0.53515625 0.08203125 0.128125
15 0.36796875 0.5359375 0.0890625 0.09296875
15 0.5140625 0.45 0.11796875 0.14609375
15 0.60625 0.21875 0.10546875 0.1390625
15 0.3890625 0.10859375 0.0921875 0.1515625
15 0.30078125 0.09140625 0.08671875 0.1328125
15 0.3953125 0.428125 0.09765625 0.1171875
15 0.27578125 0.31953125 0.09140625 0.1109375
15 0.77421875 0.26328125 0.1140625 0.14140625
15 0.721875 0.35703125 0.10546875 0.13671875
15 0.465625 0.33671875 0.125 0.14921875
15 0.15859375 0.21328125 0.1078125 0.1609375