22 0.6015625 0.86953125 0.16171875 0.1671875
22 0.765625 0.68515625 0.14921875 0.16171875
22 0.69921875 0.3828125 0.1890625 0.1703125
22 0.675 0.221875 0.175 0.16796875
22 0.6921875 0.55078125 0.1546875 0.159375
22 0.609375 0.7171875 0.1640625 0.134375
22 0.40546875 0.3171875 0.128125 0.1328125
22 0.4234375 0.45390625 0.15078125 0.13984375
22 0.425 0.6234375 0.1546875 0.15703125
22 0.43984375 0.91875 0.15703125 0.1484375
22 0.409375 0.775 0.15078125 0.134375
22 0.25859375 0.415625 0.1546875 0.1625
22 0.25546875 0.575 0.16171875 0.15625
22 0.16640625 0.83359375 0.1171875 0.140625
22 0.228125 0.7234375 0.140625 0.13046875