20 0.58203125 0.53671875 0.165625 0.17578125
20 0.16875 0.31171875 0.21796875 0.15625
20 0.28203125 0.8640625 0.159375 0.15234375
20 0.56640625 0.89140625 0.16015625 0.146875
20 0.61875 0.76015625 0.175 0.1578125
20 0.7953125 0.44609375 0.1453125 0.1578125
20 0.62109375 0.1765625 0.1734375 0.1453125
20 0.41015625 0.240625 0.18984375 0.2125
20 0.0875 0.15078125 0.175 0.19609375
20 0.23125 0.69453125 0.19296875 0.1625
20 0.79453125 0.7453125 0.1375 0.128125
20 0.86171875 0.61015625 0.17578125 0.1578125
20 0.72265625 0.8828125 0.14375 0.1421875
20 0.41875 0.7890625 0.17265625 0.2015625
20 0.87265625 0.3125 0.16328125 0.15078125
20 0.715625 0.3203125 0.15 0.13984375
20 0.5296875 0.37890625 0.14765625 0.14609375
20 0.92578125 0.16953125 0.1484375 0.1453125
20 0.39921875 0.54765625 0.18046875 0.16953125
20 0.2609375 0.2015625 0.15078125 0.1625
20 0.7828125 0.1625 0.13359375 0.1453125
20 0.703125 0.61796875 0.15234375 0.146875