21 0.31328125 0.70546875 0.265625 0.184375
21 0.11484375 0.75390625 0.2296875 0.1828125
21 0.46640625 0.6 0.2359375 0.175
21 0.30703125 0.27109375 0.275 0.1953125
21 0.62421875 0.7390625 0.275 0.1859375
21 0.403125 0.4453125 0.2875 0.196875
21 0.253125 0.85625 0.271875 0.1828125
21 0.534375 0.3390625 0.2625 0.190625
21 0.5328125 0.17734375 0.2671875 0.178125
21 0.178125 0.428125 0.2390625 0.1828125
21 0.69296875 0.625 0.30625 0.20625
21 0.6109375 0.9 0.278125 0.2
21 0.81171875 0.31640625 0.3484375 0.2296875
21 0.29765625 0.1078125 0.2828125 0.190625