20 0.67109375 0.32265625 0.13125 0.1578125
20 0.05234375 0.61015625 0.09375 0.16015625
20 0.1453125 0.609375 0.0890625 0.1984375
20 0.12734375 0.77890625 0.09453125 0.128125
20 0.2125 0.7484375 0.11484375 0.12109375
20 0.0875 0.440625 0.12890625 0.1484375
20 0.3765625 0.79140625 0.1203125 0.19453125
20 0.63125 0.82109375 0.0890625 0.13046875
20 0.6109375 0.68671875 0.11171875 0.1078125
20 0.353125 0.47265625 0.0734375 0.13046875
20 0.39609375 0.33515625 0.090625 0.128125
20 0.559375 0.184375 0.103125 0.13359375
20 0.44921875 0.19765625 0.096875 0.13359375
20 0.76640625 0.23828125 0.0765625 0.18046875
20 0.684375 0.18046875 0.1078125 0.09921875
20 0.85390625 0.234375 0.09609375 0.21484375
20 0.07421875 0.2390625 0.11015625 0.2234375
20 0.75703125 0.86328125 0.1171875 0.146875
20 0.50234375 0.82109375 0.096875 0.1578125
20 0.4625 0.51875 0.0875 0.1609375
20 0.88046875 0.6015625 0.10546875 0.11484375
20 0.66796875 0.559375 0.13046875 0.153125
20 0.5578125 0.38046875 0.096875 0.1375
20 0.253125 0.2390625 0.0953125 0.16875
20 0.28828125 0.62265625 0.10234375 0.090625
20 0.78828125 0.5046875 0.10234375 0.2078125
20 0.95390625 0.48828125 0.0796875 0.15390625
20 0.75390625 0.703125 0.09765625 0.14765625
20 0.8484375 0.7921875 0.08203125 0.13828125
20 0.93671875 0.71796875 0.09375 0.128125
20 0.23515625 0.42734375 0.10859375 0.16640625
20 0.27109375 0.84140625 0.0953125 0.12265625
20 0.5015625 0.66875 0.0828125 0.13984375