20 0.2734375 0.33984375 0.15390625 0.2484375
20 0.19765625 0.12890625 0.15234375 0.2546875
20 0.396875 0.47890625 0.14921875 0.21953125
20 0.70390625 0.28046875 0.165625 0.25625
20 0.278125 0.65234375 0.15703125 0.2578125
20 0.5421875 0.396875 0.16640625 0.26875
20 0.11640625 0.2984375 0.15234375 0.2546875
20 0.6640625 0.51484375 0.1625 0.24453125
20 0.82421875 0.49296875 0.1484375 0.2515625
20 0.53203125 0.171875 0.15625 0.221875
20 0.39921875 0.70703125 0.17109375 0.28828125
20 0.115625 0.659375 0.17109375 0.25859375
20 0.7203125 0.78671875 0.18984375 0.328125
20 0.86484375 0.2515625 0.15859375 0.26640625