20 0.38515625 0.3 0.16015625 0.3203125
20 0.1671875 0.26328125 0.13515625 0.29140625
20 0.49453125 0.39296875 0.16953125 0.27421875
20 0.58515625 0.21953125 0.1765625 0.27421875
20 0.565625 0.78984375 0.16640625 0.2875
20 0.775 0.8125 0.15625 0.25
20 0.07421875 0.56796875 0.14765625 0.325
20 0.81640625 0.31953125 0.140625 0.240625
20 0.778125 0.53359375 0.125 0.2453125
20 0.63828125 0.45859375 0.128125 0.2296875
20 0.9078125 0.565625 0.16796875 0.3203125
20 0.4109375 0.69453125 0.15 0.253125
20 0.8953125 0.8828125 0.128125 0.22578125
20 0.28359375 0.89609375 0.1390625 0.20625