20 0.903125 0.3828125 0.19375 0.240625
20 0.6421875 0.36875 0.2359375 0.26796875
20 0.6703125 0.6484375 0.21328125 0.25234375
20 0.825 0.634375 0.14453125 0.171875
20 0.46328125 0.21953125 0.14921875 0.2328125
20 0.275 0.159375 0.14375 0.3171875
20 0.07109375 0.346875 0.1421875 0.28984375
20 0.3421875 0.465625 0.1671875 0.22265625
20 0.4890625 0.62109375 0.15234375 0.2453125
20 0.22421875 0.55078125 0.14375 0.1921875
20 0.178125 0.75859375 0.19609375 0.1828125
20 0.3515625 0.690625 0.1453125 0.20703125