21 0.39453125 0.75703125 0.2765625 0.20625
21 0.20625 0.878125 0.2828125 0.20625
21 0.50234375 0.60546875 0.246875 0.1953125
21 0.23984375 0.35078125 0.2875 0.21875
21 0.6984375 0.68203125 0.2859375 0.2109375
21 0.38984375 0.48203125 0.2984375 0.221875
21 0.38984375 0.9078125 0.2828125 0.184375
21 0.47734375 0.33671875 0.2734375 0.2125
21 0.4203125 0.1859375 0.278125 0.2015625
21 0.1734375 0.54296875 0.2515625 0.2015625
21 0.72421875 0.5515625 0.31875 0.2328125
21 0.74140625 0.8390625 0.290625 0.2265625
21 0.7296875 0.22109375 0.3625 0.259375
21 0.17578125 0.20078125 0.2953125 0.215625