21 0.53515625 0.4171875 0.178125 0.16875
21 0.3171875 0.834375 0.159375 0.221875
21 0.86796875 0.71171875 0.15625 0.1625
21 0.88984375 0.4265625 0.15 0.1625
21 0.7578125 0.3765625 0.1609375 0.178125
21 0.440625 0.20546875 0.1609375 0.1484375
21 0.17421875 0.384375 0.1484375 0.1765625
21 0.2421875 0.59453125 0.215625 0.19375
21 0.1578125 0.91484375 0.2 0.1703125
21 0.69921875 0.765625 0.165625 0.196875
21 0.73984375 0.2015625 0.13125 0.1390625
21 0.60390625 0.13671875 0.1609375 0.178125
21 0.87890625 0.2703125 0.1453125 0.146875
21 0.790625 0.5765625 0.2046875 0.175
21 0.30625 0.13046875 0.153125 0.165625
21 0.31640625 0.2875 0.14375 0.153125
21 0.378125 0.47265625 0.15 0.15
21 0.1625 0.0796875 0.1484375 0.1515625
21 0.54921875 0.6 0.171875 0.184375
21 0.20546875 0.74453125 0.165625 0.1546875
21 0.1578125 0.2234375 0.146875 0.1375
21 0.6140625 0.29453125 0.15 0.15625