21 0.57421875 0.528125 0.246875 0.240625
21 0.74453125 0.3859375 0.3375 0.178125
21 0.39453125 0.19375 0.3125 0.18125
21 0.171875 0.4125 0.2828125 0.175
21 0.409375 0.63203125 0.1953125 0.196875
21 0.25078125 0.7625 0.246875 0.209375
21 0.7859375 0.6609375 0.21875 0.1890625
21 0.4234375 0.796875 0.234375 0.2328125
21 0.63125 0.1046875 0.31875 0.203125
21 0.1875 0.140625 0.2359375 0.2265625
21 0.13125 0.63203125 0.2625 0.1734375
21 0.58359375 0.90703125 0.203125 0.14375
21 0.8765625 0.12265625 0.203125 0.203125
21 0.8484375 0.26875 0.1859375 0.134375