20 0.52265625 0.42421875 0.225 0.23203125
20 0.36953125 0.2640625 0.15546875 0.328125
20 0.2015625 0.6265625 0.1609375 0.3015625
20 0.4359375 0.83359375 0.15625 0.27109375
20 0.63828125 0.58125 0.184375 0.1828125
20 0.77890625 0.73046875 0.19375 0.23515625
20 0.640625 0.20390625 0.17421875 0.2078125
20 0.8015625 0.55546875 0.21953125 0.2203125
20 0.096875 0.396875 0.1828125 0.30546875
20 0.16328125 0.83671875 0.2109375 0.22265625
20 0.65859375 0.85859375 0.15625 0.25234375
20 0.9 0.38828125 0.13046875 0.19375
20 0.09765625 0.15078125 0.18984375 0.190625
20 0.2453125 0.16875 0.121875 0.178125