21 0.28671875 0.3765625 0.184375 0.165625
21 0.71484375 0.9078125 0.1765625 0.1296875
21 0.6921875 0.81796875 0.2140625 0.134375
21 0.8609375 0.79375 0.146875 0.1234375
21 0.8109375 0.71875 0.1453125 0.140625
21 0.5421875 0.91484375 0.175 0.1609375
21 0.8125 0.54921875 0.2171875 0.1640625
21 0.7796875 0.2953125 0.1484375 0.11875
21 0.6546875 0.346875 0.13125 0.1359375
21 0.509375 0.64921875 0.1453125 0.103125
21 0.36484375 0.640625 0.146875 0.11875
21 0.1796875 0.51875 0.1546875 0.1328125
21 0.21875 0.62265625 0.153125 0.1265625
21 0.18125 0.3046875 0.19375 0.11875
21 0.1453125 0.3984375 0.1234375 0.128125
21 0.15703125 0.22109375 0.2328125 0.146875
21 0.35 0.94765625 0.24375 0.1046875
21 0.790625 0.1625 0.1703125 0.15
21 0.8109375 0.4203125 0.1765625 0.1328125
21 0.52734375 0.53203125 0.1765625 0.1234375
21 0.50625 0.10625 0.1375 0.13125
21 0.5171875 0.32265625 0.1796875 0.1640625
21 0.3703125 0.47265625 0.15625 0.1265625
21 0.30625 0.80234375 0.1875 0.1328125
21 0.6703125 0.67578125 0.1125 0.121875
21 0.43515625 0.21953125 0.2265625 0.15
21 0.37890625 0.0625 0.1671875 0.1140625
21 0.6359375 0.2046875 0.165625 0.1296875
21 0.69921875 0.09140625 0.153125 0.1125
21 0.6046875 0.0421875 0.146875 0.084375
21 0.49375 0.77421875 0.1875 0.146875
21 0.88671875 0.63984375 0.140625 0.121875
21 0.66328125 0.4578125 0.15625 0.1140625