19 0.69140625 0.240625 0.25 0.1890625
19 0.875 0.29609375 0.16875 0.1578125
19 0.59765625 0.35234375 0.1328125 0.11875
19 0.7421875 0.5 0.221875 0.1671875
19 0.80546875 0.415625 0.2109375 0.153125
19 0.915625 0.43046875 0.16875 0.1859375
19 0.59375 0.55859375 0.18125 0.1390625
19 0.72421875 0.6859375 0.2453125 0.171875
19 0.49765625 0.4875 0.1796875 0.1453125
19 0.6234375 0.428125 0.15625 0.128125
19 0.434375 0.29296875 0.184375 0.1546875
19 0.47265625 0.378125 0.153125 0.1140625
19 0.36015625 0.5390625 0.234375 0.2796875
19 0.16640625 0.5828125 0.2640625 0.3359375