19 0.3828125 0.2 0.2265625 0.1421875
19 0.1890625 0.20625 0.14375 0.1296875
19 0.44453125 0.33203125 0.115625 0.0953125
19 0.265625 0.4375 0.2 0.1265625
19 0.22578125 0.33984375 0.190625 0.1140625
19 0.09921875 0.3203125 0.1765625 0.1515625
19 0.3921875 0.5328125 0.1625 0.10625
19 0.23515625 0.621875 0.2234375 0.125
19 0.50390625 0.48828125 0.159375 0.1140625
19 0.39921875 0.39921875 0.1375 0.1015625
19 0.6171875 0.3171875 0.1609375 0.1234375
19 0.5578125 0.3890625 0.1390625 0.0859375
19 0.625 0.57421875 0.1859375 0.246875
19 0.80078125 0.66640625 0.203125 0.3