19 0.67265625 0.228125 0.24375 0.175
19 0.86015625 0.27109375 0.1625 0.15
19 0.58671875 0.3453125 0.128125 0.1125
19 0.74140625 0.4828125 0.2171875 0.15625
19 0.7984375 0.39453125 0.2046875 0.1421875
19 0.91484375 0.39921875 0.1703125 0.1765625
19 0.59765625 0.55234375 0.1765625 0.1296875
19 0.73671875 0.6703125 0.2390625 0.1578125
19 0.496875 0.4875 0.175 0.1359375
19 0.61796875 0.4203125 0.1515625 0.1203125
19 0.41953125 0.29765625 0.178125 0.146875
19 0.4640625 0.38046875 0.15 0.1046875
19 0.3625 0.5484375 0.2203125 0.271875
19 0.17265625 0.60546875 0.246875 0.3265625