20 0.40078125 0.36796875 0.1078125 0.1328125
20 0.6625 0.46171875 0.1125 0.2484375
20 0.325 0.51015625 0.13125 0.1953125
20 0.66875 0.07890625 0.15 0.1234375
20 0.4265625 0.16015625 0.153125 0.2296875
20 0.7484375 0.221875 0.1375 0.234375
20 0.228125 0.50859375 0.09375 0.1640625
20 0.5203125 0.5328125 0.14375 0.18125
20 0.496875 0.38203125 0.109375 0.1328125
20 0.78125 0.49765625 0.125 0.1484375
20 0.8296875 0.5953125 0.115625 0.13125
20 0.81796875 0.42734375 0.1609375 0.1671875
20 0.571875 0.6 0.125 0.146875
20 0.70234375 0.60390625 0.1171875 0.1234375
20 0.41171875 0.61640625 0.1203125 0.1640625
20 0.2640625 0.64375 0.115625 0.128125
20 0.14609375 0.61328125 0.1296875 0.1515625
20 0.16171875 0.40390625 0.1109375 0.1484375
20 0.2640625 0.3421875 0.10625 0.128125
20 0.12421875 0.25234375 0.1453125 0.1578125
20 0.1890625 0.190625 0.096875 0.115625
20 0.25 0.25078125 0.084375 0.1046875
20 0.60546875 0.28203125 0.0953125 0.1453125
20 0.50078125 0.27734375 0.1203125 0.1078125
20 0.66640625 0.29921875 0.0921875 0.1109375
20 0.51875 0.1421875 0.096875 0.109375
20 0.6078125 0.184375 0.134375 0.109375
20 0.36640625 0.278125 0.1296875 0.13125
20 0.42578125 0.47421875 0.1234375 0.1265625
20 0.31796875 0.18515625 0.1203125 0.1328125
20 0.33203125 0.07890625 0.1171875 0.1546875
20 0.23984375 0.1140625 0.0953125 0.1
20 0.51484375 0.11640625 0.1078125 0.1421875