20 0.43828125 0.346875 0.1390625 0.15625
20 0.6671875 0.50546875 0.1734375 0.26875
20 0.328125 0.46484375 0.1765625 0.221875
20 0.771875 0.13671875 0.1765625 0.1578125
20 0.5171875 0.15234375 0.2078125 0.2609375
20 0.81171875 0.2953125 0.19375 0.2625
20 0.23515625 0.43828125 0.1328125 0.1828125
20 0.5109375 0.53671875 0.1859375 0.2125
20 0.52734375 0.38515625 0.140625 0.15625
20 0.77265625 0.5703125 0.159375 0.175
20 0.79375 0.67734375 0.1453125 0.15625
20 0.82578125 0.5125 0.1984375 0.203125
20 0.54375 0.61484375 0.159375 0.175
20 0.66875 0.653125 0.1453125 0.15
20 0.384375 0.58984375 0.159375 0.1890625
20 0.23515625 0.578125 0.1453125 0.153125
20 0.12890625 0.51796875 0.1640625 0.1796875
20 0.1984375 0.31953125 0.1453125 0.171875
20 0.31328125 0.28671875 0.1359375 0.1515625
20 0.20078125 0.16328125 0.18125 0.190625
20 0.2796875 0.1203125 0.1234375 0.1375
20 0.32265625 0.19453125 0.109375 0.1234375
20 0.65859375 0.31640625 0.1296875 0.165625
20 0.55859375 0.28515625 0.14375 0.1359375
20 0.7125 0.34921875 0.1171875 0.13125
20 0.6109375 0.159375 0.121875 0.13125
20 0.6859375 0.22265625 0.1578125 0.140625
20 0.428125 0.25078125 0.159375 0.1609375
20 0.43515625 0.45625 0.1515625 0.1546875
20 0.40546875 0.1484375 0.15 0.159375
20 0.446875 0.06953125 0.153125 0.1390625
20 0.34765625 0.06015625 0.1171875 0.1203125
20 0.61328125 0.13359375 0.140625 0.165625