3 0.79296875 0.4140625 0.2046875 0.3046875
3 0.6609375 0.478125 0.203125 0.3140625
3 0.3390625 0.52421875 0.21875 0.353125
3 0.72109375 0.7234375 0.2046875 0.3078125
3 0.77265625 0.4234375 0.209375 0.3
3 0.33203125 0.521875 0.228125 0.325
3 0.709375 0.7171875 0.2046875 0.2921875
3 0.64609375 0.48046875 0.221875 0.29375
3 0.8453125 0.59453125 0.2046875 0.2796875
3 0.5734375 0.75078125 0.2078125 0.309375
3 0.23203125 0.296875 0.2625 0.3703125
3 0.8984375 0.303125 0.203125 0.2875
3 0.1921875 0.74140625 0.2546875 0.3140625
3 0.40546875 0.2203125 0.2390625 0.3640625
3 0.51875 0.4015625 0.190625 0.3
3 0.77734375 0.175 0.2015625 0.2796875
3 0.92265625 0.4875 0.1546875 0.271875
3 0.4390625 0.6875 0.190625 0.3171875
3 0.62421875 0.21796875 0.215625 0.3125
3 0.1078125 0.54296875 0.215625 0.3390625
3 0.8265625 0.86171875 0.196875 0.26875
3 0.9125 0.73125 0.140625 0.2390625
3 0.7171875 0.91796875 0.184375 0.1640625
3 0.325 0.8734375 0.1953125 0.2171875
3 0.16875 0.1078125 0.234375 0.215625
3 0.9625 0.16953125 0.075 0.1796875
3 0.534375 0.0953125 0.18125 0.190625
3 0.596875 0.9328125 0.153125 0.134375
3 0.0734375 0.2984375 0.1421875 0.3203125