3 0.359375 0.22890625 0.28203125 0.15234375
3 0.44765625 0.34609375 0.29140625 0.15078125
3 0.5546875 0.653125 0.32890625 0.16015625
3 0.67734375 0.240625 0.284375 0.153125
3 0.37265625 0.246875 0.275 0.16015625
3 0.55390625 0.6609375 0.296875 0.17578125
3 0.6734375 0.253125 0.2671875 0.15625
3 0.453125 0.36015625 0.26484375 0.17421875
3 0.5265625 0.14296875 0.25390625 0.16015625
3 0.73203125 0.38046875 0.28359375 0.15703125
3 0.3515625 0.8015625 0.33828125 0.2015625
3 0.23125 0.14375 0.26328125 0.159375
3 0.79609375 0.75625 0.2796875 0.2046875
3 0.24375 0.64609375 0.3359375 0.17890625
3 0.4 0.5 0.27890625 0.14140625
3 0.128125 0.28984375 0.2546875 0.15625
3 0.40390625 0.07109375 0.24921875 0.13984375
3 0.69609375 0.52421875 0.296875 0.1359375
3 0.19921875 0.43203125 0.2859375 0.1640625
3 0.61953125 0.88828125 0.30859375 0.18359375
3 0.79296875 0.11015625 0.24296875 0.15390625
3 0.6484375 0.05078125 0.22265625 0.1
3 0.896875 0.2015625 0.19609375 0.15078125
3 0.9 0.60078125 0.18828125 0.16328125
3 0.1359375 0.90703125 0.271875 0.1859375
3 0.0796875 0.06640625 0.1578125 0.13125
3 0.08984375 0.54375 0.1796875 0.15078125
3 0.9234375 0.31875 0.146875 0.12734375
3 0.38359375 0.95703125 0.30859375 0.08515625