3 0.74921875 0.32265625 0.190625 0.3
3 0.6453125 0.4265625 0.1890625 0.309375
3 0.35625 0.57578125 0.203125 0.346875
3 0.78125 0.63984375 0.190625 0.303125
3 0.7328125 0.33828125 0.196875 0.29375
3 0.3484375 0.57578125 0.2140625 0.31875
3 0.76875 0.6375 0.1921875 0.2859375
3 0.63203125 0.434375 0.2109375 0.2875
3 0.85703125 0.4765625 0.19375 0.275
3 0.65078125 0.71328125 0.19375 0.303125
3 0.18046875 0.3953125 0.246875 0.3625
3 0.815625 0.184375 0.19375 0.2828125
3 0.2875 0.82890625 0.2421875 0.3046875
3 0.31953125 0.26640625 0.2234375 0.3578125
3 0.4859375 0.40078125 0.178125 0.2953125
3 0.65625 0.11953125 0.190625 0.2390625
3 0.91171875 0.3453125 0.1734375 0.2671875
3 0.503125 0.69765625 0.1765625 0.3125
3 0.52578125 0.19296875 0.2015625 0.30625
3 0.13203125 0.67265625 0.225 0.33125
3 0.91640625 0.7359375 0.1671875 0.2625
3 0.95 0.58359375 0.1 0.2359375
3 0.85078125 0.8515625 0.1765625 0.215625
3 0.45625 0.90234375 0.1875 0.1953125
3 0.078125 0.19609375 0.15625 0.2953125
3 0.87109375 0.05546875 0.1515625 0.1109375
3 0.39921875 0.1 0.1734375 0.1984375
3 0.73828125 0.89375 0.146875 0.1625
3 0.046875 0.4484375 0.09375 0.31875