3 0.36875 0.2546875 0.1375 0.09375
3 0.45859375 0.70546875 0.1390625 0.121875
3 0.7390625 0.615625 0.1546875 0.0984375
3 0.565625 0.571875 0.1546875 0.103125
3 0.2390625 0.26171875 0.13125 0.09375
3 0.6609375 0.375 0.15625 0.109375
3 0.40859375 0.84296875 0.1296875 0.096875
3 0.27890625 0.60859375 0.1515625 0.103125
3 0.7 0.5359375 0.1421875 0.096875
3 0.628125 0.67421875 0.1359375 0.0984375
3 0.79140625 0.703125 0.1453125 0.10625
3 0.325 0.1765625 0.1375 0.1
3 0.8578125 0.55 0.1609375 0.1
3 0.2859375 0.0578125 0.13125 0.0984375
3 0.3953125 0.43515625 0.14375 0.09375
3 0.57265625 0.478125 0.1453125 0.096875
3 0.90859375 0.6359375 0.1515625 0.109375
3 0.27421875 0.85 0.1453125 0.103125
3 0.33046875 0.75625 0.15 0.103125
3 0.43359375 0.3421875 0.1390625 0.096875
3 0.42265625 0.59609375 0.1484375 0.09375
3 0.18125 0.35234375 0.1453125 0.1
3 0.5609375 0.871875 0.1328125 0.1
3 0.82890625 0.2 0.15 0.103125
3 0.8078125 0.48671875 0.1453125 0.1
3 0.5453125 0.19921875 0.1484375 0.109375
3 0.18984375 0.75390625 0.1421875 0.1
3 0.86484375 0.36640625 0.1578125 0.10625
3 0.65703125 0.12890625 0.134375 0.0953125
3 0.72578125 0.8625 0.1578125 0.1125
3 0.51171875 0.06171875 0.1390625 0.103125
3 0.39296875 0.93828125 0.146875 0.1015625
3 0.16640625 0.66875 0.1328125 0.0875
3 0.775 0.103125 0.1515625 0.1046875
3 0.2546875 0.47578125 0.1265625 0.0796875
3 0.49375 0.80703125 0.1390625 0.1
3 0.7109375 0.75546875 0.1453125 0.10625
3 0.75234375 0.30234375 0.1390625 0.096875
3 0.10625 0.815625 0.1265625 0.084375
3 0.50859375 0.38828125 0.1390625 0.096875
3 0.19765625 0.1703125 0.1359375 0.1015625
3 0.61796875 0.27421875 0.1359375 0.1015625
3 0.6953125 0.20703125 0.1359375 0.1
3 0.1953125 0.92109375 0.1265625 0.0921875
3 0.10234375 0.89609375 0.13125 0.090625
3 0.33125 0.41328125 0.1265625 0.0859375
3 0.38828125 0.12890625 0.1265625 0.0921875
3 0.65546875 0.94375 0.1359375 0.09375
3 0.3125 0.3375 0.1296875 0.0921875
3 0.9046875 0.1296875 0.153125 0.1125
3 0.09921875 0.31171875 0.134375 0.0984375
3 0.915625 0.74296875 0.1515625 0.109375
3 0.83359375 0.8046875 0.1734375 0.1203125
3 0.640625 0.046875 0.1328125 0.090625
3 0.1453125 0.42109375 0.1390625 0.08125
3 0.09296875 0.1796875 0.115625 0.0921875
3 0.578125 0.734375 0.1328125 0.1
3 0.06796875 0.103125 0.1234375 0.0859375
3 0.78359375 0.925 0.1484375 0.0984375
3 0.08984375 0.69609375 0.1234375 0.0875
3 0.5375 0.64765625 0.1375 0.0828125
3 0.93828125 0.48203125 0.1234375 0.1203125
3 0.9375 0.24296875 0.1078125 0.0921875
3 0.634375 0.82890625 0.1375 0.1046875
3 0.0578125 0.75703125 0.115625 0.0796875