20 0.8828125 0.640625 0.1625 0.14375
20 0.71953125 0.63984375 0.1515625 0.1515625
20 0.5890625 0.6640625 0.13125 0.1375
20 0.4796875 0.671875 0.134375 0.134375
20 0.54609375 0.54453125 0.1234375 0.1265625
20 0.73203125 0.51796875 0.1484375 0.1328125
20 0.87578125 0.475 0.1734375 0.15625
20 0.853125 0.35078125 0.153125 0.1359375
20 0.8546875 0.23515625 0.14375 0.1390625
20 0.70625 0.3953125 0.16875 0.14375
20 0.71015625 0.22578125 0.1859375 0.1921875
20 0.54296875 0.425 0.1640625 0.1625
20 0.5359375 0.27734375 0.15625 0.1484375
20 0.41796875 0.5109375 0.1671875 0.15625
20 0.3828125 0.375 0.1625 0.146875
20 0.403125 0.2421875 0.1375 0.134375