20 0.6734375 0.13125 0.1578125 0.175
20 0.65859375 0.29375 0.1640625 0.1640625
20 0.67109375 0.42578125 0.1484375 0.1421875
20 0.66953125 0.53515625 0.1453125 0.1453125
20 0.5484375 0.4578125 0.1375 0.134375
20 0.53828125 0.2703125 0.1453125 0.159375
20 0.5078125 0.1234375 0.1703125 0.1859375
20 0.38203125 0.13515625 0.1484375 0.1640625
20 0.2671875 0.1234375 0.1515625 0.1546875
20 0.4140625 0.28515625 0.1578125 0.18125
20 0.2453125 0.26640625 0.2078125 0.2015625
20 0.42890625 0.45078125 0.1765625 0.178125
20 0.28125 0.44453125 0.1609375 0.16875
20 0.50390625 0.5828125 0.1703125 0.1796875
20 0.365625 0.60546875 0.1609375 0.175
20 0.234375 0.57421875 0.1453125 0.1484375