15 0.4859375 0.67890625 0.140625 0.0796875
15 0.753125 0.6328125 0.1640625 0.109375
15 0.65 0.6515625 0.1625 0.0984375
15 0.30234375 0.66875 0.1015625 0.090625
15 0.35546875 0.446875 0.1296875 0.084375
15 0.37734375 0.65 0.1171875 0.1046875
15 0.46640625 0.51875 0.1140625 0.1046875
15 0.4265625 0.73671875 0.1171875 0.0875
15 0.57578125 0.73125 0.0953125 0.1
15 0.22265625 0.3203125 0.121875 0.096875
15 0.26953125 0.509375 0.115625 0.08125
15 0.42890625 0.303125 0.1125 0.075
15 0.71875 0.90078125 0.15625 0.1
15 0.58671875 0.41171875 0.1171875 0.096875
15 0.7453125 0.1671875 0.115625 0.0875
15 0.27578125 0.2609375 0.1265625 0.084375
15 0.0953125 0.54296875 0.0984375 0.090625
15 0.103125 0.7390625 0.0984375 0.08125
15 0.17890625 0.5640625 0.1109375 0.1015625
15 0.46171875 0.43984375 0.1078125 0.0859375
15 0.47578125 0.83828125 0.1359375 0.1109375
15 0.36875 0.921875 0.1046875 0.0828125
15 0.33203125 0.31796875 0.1078125 0.0734375
15 0.55859375 0.53515625 0.09375 0.0734375
15 0.40078125 0.5875 0.1140625 0.1015625
15 0.7390625 0.96640625 0.1625 0.0671875
15 0.8328125 0.19296875 0.115625 0.08125
15 0.3359375 0.76484375 0.1171875 0.0890625
15 0.69140625 0.1078125 0.1046875 0.09375
15 0.28125 0.94140625 0.0953125 0.1
15 0.0734375 0.23203125 0.1234375 0.084375
15 0.071875 0.61015625 0.1171875 0.1109375
15 0.25 0.41953125 0.10625 0.0734375
15 0.1859375 0.93046875 0.1140625 0.1125
15 0.21796875 0.63359375 0.103125 0.0796875
15 0.15703125 0.678125 0.1234375 0.0953125
15 0.85390625 0.95078125 0.1234375 0.09375
15 0.865625 0.728125 0.1265625 0.0984375
15 0.89140625 0.6515625 0.109375 0.0953125
15 0.31015625 0.12265625 0.1140625 0.090625
15 0.45546875 0.03359375 0.0953125 0.0671875
15 0.8765625 0.56796875 0.1203125 0.1
15 0.7578125 0.31875 0.125 0.115625
15 0.5421875 0.36484375 0.084375 0.08125
15 0.684375 0.434375 0.103125 0.0796875
15 0.49296875 0.19140625 0.11875 0.078125
15 0.4546875 0.2546875 0.121875 0.075
15 0.87109375 0.38046875 0.1140625 0.1
15 0.45859375 0.13046875 0.109375 0.0640625
15 0.09140625 0.3234375 0.1 0.0890625
15 0.51328125 0.084375 0.090625 0.0765625
15 0.15 0.17109375 0.0953125 0.0828125
15 0.29453125 0.85859375 0.109375 0.096875
15 0.3734375 0.8359375 0.1015625 0.0859375
15 0.83515625 0.1234375 0.1109375 0.0859375
15 0.39453125 0.3703125 0.13125 0.075
15 0.575 0.29765625 0.096875 0.075
15 0.91953125 0.91171875 0.1203125 0.103125