15 0.54765625 0.3265625 0.1515625 0.103125
15 0.27734375 0.32109375 0.1796875 0.1375
15 0.38203125 0.32265625 0.175 0.1265625
15 0.72578125 0.371875 0.1140625 0.10625
15 0.63125 0.5796875 0.140625 0.10625
15 0.64921875 0.3765625 0.1328125 0.1234375
15 0.53671875 0.48828125 0.1296875 0.121875
15 0.6171875 0.28125 0.128125 0.10625
15 0.4703125 0.25859375 0.1109375 0.1140625
15 0.73828125 0.7296875 0.1359375 0.115625
15 0.728125 0.53515625 0.1265625 0.1
15 0.53203125 0.70703125 0.1234375 0.09375
15 0.3625 0.06484375 0.16875 0.1265625
15 0.39765625 0.5703125 0.13125 0.115625
15 0.19609375 0.7796875 0.128125 0.1078125
15 0.675 0.778125 0.1375 0.1046875
15 0.90546875 0.53515625 0.1125 0.10625
15 0.93515625 0.34140625 0.1109375 0.0953125
15 0.82734375 0.4984375 0.1265625 0.1203125
15 0.5265625 0.56640625 0.1203125 0.103125
15 0.58828125 0.17265625 0.153125 0.1328125
15 0.709375 0.1109375 0.115625 0.1
15 0.63046875 0.71015625 0.11875 0.0921875
15 0.44921875 0.4546875 0.1046875 0.0890625
15 0.6140625 0.43359375 0.1296875 0.11875
15 0.35546875 0.021875 0.1734375 0.04375
15 0.11484375 0.73828125 0.128125 0.1015625
15 0.71171875 0.27109375 0.128125 0.10625
15 0.2375 0.8484375 0.11875 0.1109375
15 0.79921875 0.10859375 0.1109375 0.1140625
15 0.8671875 0.84453125 0.134375 0.1046875
15 0.93671875 0.4734375 0.1265625 0.128125
15 0.73046875 0.6265625 0.1171875 0.0921875
15 0.890625 0.1375 0.13125 0.1296875
15 0.803125 0.42265625 0.115625 0.096875
15 0.8703125 0.390625 0.1359375 0.1140625
15 0.23828125 0.0234375 0.1359375 0.046875
15 0.184375 0.20625 0.140625 0.11875
15 0.1453125 0.2765625 0.1234375 0.1125
15 0.6140625 0.90703125 0.1265625 0.1078125
15 0.453125 0.96171875 0.10625 0.0765625
15 0.14296875 0.3609375 0.134375 0.11875
15 0.2125 0.62890625 0.1421875 0.134375
15 0.4328125 0.625 0.096875 0.09375
15 0.30703125 0.52890625 0.115625 0.096875
15 0.4484375 0.8046875 0.1296875 0.0984375
15 0.49765625 0.75 0.13125 0.0953125
15 0.11328125 0.546875 0.128125 0.1171875
15 0.4703125 0.87109375 0.1171875 0.08125
15 0.8671875 0.75078125 0.1125 0.1046875
15 0.4078125 0.90546875 0.1015625 0.090625
15 0.78046875 0.88984375 0.10625 0.0984375
15 0.7703125 0.1875 0.1234375 0.1140625
15 0.68828125 0.19453125 0.1140625 0.1015625
15 0.09921875 0.80625 0.1234375 0.1046875
15 0.57890625 0.64765625 0.140625 0.0984375
15 0.38828125 0.684375 0.1078125 0.090625
15 0.16640625 0.03828125 0.1359375 0.0765625