17 0.484375 0.4125 0.1 0.16015625
17 0.6015625 0.37265625 0.12734375 0.20546875
17 0.70390625 0.42890625 0.134375 0.2375
17 0.70703125 0.22265625 0.13671875 0.22890625
17 0.60234375 0.1796875 0.1328125 0.1578125
17 0.49140625 0.14609375 0.11796875 0.171875
17 0.39765625 0.14375 0.109375 0.17109375
17 0.35546875 0.52734375 0.115625 0.1796875
17 0.43671875 0.59453125 0.1203125 0.1921875
17 0.55 0.6359375 0.1375 0.17265625
17 0.68046875 0.62734375 0.1203125 0.18828125
17 0.64453125 0.8234375 0.15703125 0.2390625
17 0.53515625 0.8890625 0.14453125 0.221875
17 0.415625 0.8453125 0.13515625 0.2015625
17 0.3828125 0.71640625 0.10703125 0.15625
17 0.75078125 0.07578125 0.12265625 0.1421875
17 0.62890625 0.05859375 0.12890625 0.1171875
17 0.3328125 0.371875 0.07421875 0.11484375
17 0.371875 0.27734375 0.08515625 0.11015625
17 0.31328125 0.78984375 0.090625 0.153125