1 0.8109375 0.37734375 0.3234375 0.665625
1 0.7625 0.69609375 0.30625 0.6078125
1 0.596875 0.6359375 0.2671875 0.6765625
1 0.5546875 0.37578125 0.325 0.7140625
1 0.8640625 0.721875 0.271875 0.55625
1 0.2765625 0.453125 0.30625 0.7015625
1 0.3453125 0.646875 0.2203125 0.5578125
1 0.475 0.190625 0.203125 0.38125
1 0.0890625 0.74609375 0.178125 0.3859375
1 0.15546875 0.19375 0.2234375 0.3875
1 0.3296875 0.15625 0.225 0.3125
1 0.7515625 0.21875 0.178125 0.371875
1 0.1453125 0.4296875 0.2515625 0.6515625
1 0.58515625 0.865625 0.2578125 0.26875
1 0.37421875 0.82421875 0.1875 0.328125