1 0.675 0.78515625 0.6375 0.21484375
1 0.3265625 0.79765625 0.63359375 0.1984375
1 0.3828125 0.61875 0.659375 0.1546875
1 0.63203125 0.53203125 0.68828125 0.20859375
1 0.31015625 0.9046875 0.60546875 0.17265625
1 0.50703125 0.271875 0.67734375 0.190625
1 0.32890625 0.3734375 0.54453125 0.12734375
1 0.80546875 0.421875 0.3734375 0.140625
1 0.18359375 0.121875 0.365625 0.1515625
1 0.7765625 0.1015625 0.4390625 0.14921875
1 0.83203125 0.26875 0.334375 0.16796875
1 0.82109375 0.69921875 0.35625 0.11796875
1 0.5078125 0.13828125 0.6359375 0.14296875
1 0.13671875 0.6515625 0.27265625 0.2140625
1 0.15859375 0.4328125 0.30859375 0.1359375