17 0.41171875 0.5078125 0.1671875 0.1140625
17 0.38203125 0.3875 0.2171875 0.1453125
17 0.446875 0.290625 0.2484375 0.1546875
17 0.24140625 0.26953125 0.2390625 0.15625
17 0.18984375 0.3703125 0.16875 0.1453125
17 0.146875 0.47734375 0.18125 0.1328125
17 0.1359375 0.57109375 0.18125 0.1234375
17 0.51484375 0.64609375 0.1890625 0.13125
17 0.58828125 0.57109375 0.2015625 0.1359375
17 0.63984375 0.46171875 0.1828125 0.1515625
17 0.64296875 0.33125 0.196875 0.1359375
17 0.83515625 0.384375 0.2515625 0.1765625
17 0.88671875 0.4984375 0.2265625 0.1625
17 0.83671875 0.6140625 0.2125 0.1515625
17 0.70546875 0.6359375 0.165625 0.11875
17 0.09921875 0.21328125 0.1515625 0.134375
17 0.071875 0.3328125 0.128125 0.1375
17 0.3578125 0.65546875 0.121875 0.084375
17 0.2671875 0.60859375 0.115625 0.09375
17 0.77265625 0.7109375 0.1609375 0.103125