17 0.46484375 0.41796875 0.1328125 0.178125
17 0.5703125 0.353125 0.171875 0.2296875
17 0.6828125 0.38515625 0.184375 0.2609375
17 0.6390625 0.1828125 0.1859375 0.253125
17 0.52734375 0.16484375 0.165625 0.184375
17 0.41171875 0.15703125 0.1546875 0.19375
17 0.3203125 0.17578125 0.1453125 0.1921875
17 0.365625 0.559375 0.153125 0.2015625
17 0.459375 0.60625 0.1609375 0.2140625
17 0.5796875 0.62109375 0.171875 0.1984375
17 0.7046875 0.58359375 0.159375 0.209375
17 0.71328125 0.7828125 0.20625 0.26875
17 0.621875 0.87109375 0.190625 0.2484375
17 0.4953125 0.85546875 0.1765625 0.2265625
17 0.434375 0.7375 0.1390625 0.1765625
17 0.6484375 0.05625 0.15 0.1125
17 0.52578125 0.05625 0.1515625 0.1125
17 0.30859375 0.4125 0.0984375 0.1296875
17 0.325 0.31171875 0.10625 0.125
17 0.38359375 0.82421875 0.1234375 0.1703125