16 0.37890625 0.82734375 0.1359375 0.1703125
16 0.64296875 0.83515625 0.1484375 0.140625
16 0.83984375 0.84921875 0.1640625 0.11875
16 0.70859375 0.70703125 0.1765625 0.13125
16 0.8015625 0.39765625 0.1671875 0.1125
16 0.42890625 0.2828125 0.1578125 0.134375
16 0.36328125 0.5125 0.2078125 0.1625
16 0.1796875 0.5546875 0.190625 0.1765625
16 0.3171875 0.67890625 0.1875 0.1640625
16 0.69765625 0.14453125 0.19375 0.1578125
16 0.7890625 0.2703125 0.16875 0.1390625
16 0.72578125 0.50078125 0.20625 0.16875
16 0.56484375 0.4609375 0.184375 0.1546875