15 0.328125 0.0828125 0.1734375 0.125
15 0.3546875 0.34609375 0.1359375 0.1015625
15 0.25703125 0.1390625 0.1515625 0.103125
15 0.2828125 0.03984375 0.146875 0.0796875
15 0.47734375 0.1328125 0.1453125 0.1015625
15 0.60703125 0.4953125 0.1375 0.10625
15 0.31875 0.40234375 0.1359375 0.0890625
15 0.3765625 0.27890625 0.1109375 0.0921875
15 0.52578125 0.5265625 0.1171875 0.090625
15 0.44609375 0.34140625 0.1484375 0.10625
15 0.61015625 0.15625 0.1609375 0.1078125
15 0.09921875 0.49140625 0.1578125 0.1078125
15 0.29140625 0.278125 0.0859375 0.08125
15 0.62578125 0.56796875 0.1234375 0.09375
15 0.51875 0.40703125 0.1140625 0.084375
15 0.33046875 0.23515625 0.1203125 0.0828125
15 0.71796875 0.509375 0.128125 0.0921875
15 0.42890625 0.4296875 0.11875 0.0859375
15 0.41328125 0.48671875 0.10625 0.084375
15 0.040625 0.5265625 0.08125 0.08125
15 0.49609375 0.0859375 0.1359375 0.0859375
15 0.38671875 0.0421875 0.1234375 0.084375
15 0.1765625 0.021875 0.1 0.04375
15 0.72578125 0.57578125 0.134375 0.0953125
15 0.3984375 0.55234375 0.1203125 0.075
15 0.03515625 0.57109375 0.0703125 0.0796875
15 0.68125 0.45234375 0.1140625 0.0703125