16 0.46015625 0.4546875 0.1328125 0.103125
16 0.21484375 0.5390625 0.1640625 0.1171875
16 0.2921875 0.62421875 0.1875 0.15625
16 0.26171875 0.33828125 0.1828125 0.1359375
16 0.47421875 0.1703125 0.13125 0.1
16 0.253125 0.44140625 0.178125 0.14375
16 0.4234375 0.28984375 0.140625 0.1046875
16 0.43984375 0.37734375 0.109375 0.1046875
16 0.5515625 0.50390625 0.1671875 0.1453125
16 0.79609375 0.55078125 0.15625 0.13125
16 0.86328125 0.31640625 0.165625 0.11875
16 0.86328125 0.2265625 0.146875 0.1109375
16 0.55078125 0.38359375 0.1328125 0.1171875
16 0.634375 0.2453125 0.1265625 0.109375
16 0.784375 0.72421875 0.159375 0.1390625
16 0.6828125 0.690625 0.1546875 0.13125
16 0.65390625 0.43515625 0.171875 0.1515625
16 0.71640625 0.11015625 0.178125 0.1359375