24 0.12734375 0.58828125 0.1734375 0.16875
24 0.30546875 0.759375 0.1671875 0.15625
24 0.61015625 0.703125 0.1765625 0.1953125
24 0.771875 0.684375 0.175 0.18125
24 0.4421875 0.690625 0.1640625 0.159375
24 0.27890625 0.6015625 0.140625 0.16875
24 0.6859375 0.41171875 0.1375 0.1328125
24 0.5484375 0.425 0.1453125 0.1546875
24 0.37890625 0.42109375 0.1609375 0.159375
24 0.08359375 0.425 0.153125 0.1609375
24 0.228125 0.4 0.1390625 0.1546875
24 0.59296875 0.26171875 0.1671875 0.1609375
24 0.43359375 0.253125 0.1625 0.1671875
24 0.178125 0.1546875 0.1453125 0.121875
24 0.2859375 0.2203125 0.1359375 0.1453125