24 0.7265625 0.246875 0.140625 0.1890625
24 0.8578125 0.31796875 0.153125 0.20625
24 0.828125 0.72265625 0.15 0.19375
24 0.33125 0.49296875 0.1375 0.175
24 0.4265625 0.42578125 0.1484375 0.1671875
24 0.38828125 0.26328125 0.1453125 0.1953125
24 0.5515625 0.6078125 0.1453125 0.2046875
24 0.56171875 0.4515625 0.140625 0.1640625
24 0.43828125 0.5765625 0.125 0.16875
24 0.56640625 0.303125 0.1328125 0.1671875
24 0.06640625 0.62109375 0.13125 0.184375
24 0.11328125 0.46640625 0.140625 0.178125
24 0.2046875 0.91875 0.134375 0.15625
24 0.1421875 0.7671875 0.1328125 0.1875
24 0.17265625 0.59375 0.1234375 0.1796875
24 0.2453125 0.75390625 0.1171875 0.1640625
24 0.33359375 0.8625 0.1359375 0.18125