16 0.53828125 0.546875 0.1296875 0.0984375
16 0.78671875 0.47109375 0.1625 0.1125
16 0.71171875 0.38359375 0.184375 0.1515625
16 0.7328125 0.66953125 0.1796875 0.13125
16 0.5140625 0.83046875 0.1296875 0.0953125
16 0.74453125 0.5671875 0.175 0.1390625
16 0.56953125 0.7125 0.1390625 0.1
16 0.55625 0.625 0.10625 0.103125
16 0.4484375 0.49375 0.1640625 0.140625
16 0.20546875 0.4390625 0.1546875 0.1265625
16 0.13046875 0.67109375 0.1640625 0.1140625
16 0.12734375 0.7609375 0.1453125 0.1078125
16 0.4453125 0.61484375 0.13125 0.1140625
16 0.35703125 0.75 0.1234375 0.10625
16 0.2234375 0.26640625 0.15625 0.134375
16 0.32421875 0.303125 0.153125 0.1265625
16 0.34375 0.559375 0.1671875 0.146875
16 0.2703125 0.88203125 0.1765625 0.13125