24 0.32890625 0.20625 0.184375 0.1296875
24 0.4375 0.103125 0.2 0.140625
24 0.81328125 0.25703125 0.1875 0.1390625
24 0.44140625 0.6578125 0.16875 0.128125
24 0.40703125 0.546875 0.1609375 0.1390625
24 0.23984375 0.5328125 0.1890625 0.134375
24 0.61875 0.484375 0.2 0.1328125
24 0.47265625 0.4265625 0.1578125 0.1328125
24 0.55390625 0.58203125 0.1640625 0.1140625
24 0.33359375 0.3765625 0.1625 0.1234375
24 0.48046875 0.94375 0.1796875 0.1125
24 0.3484375 0.8578125 0.171875 0.13125
24 0.80703125 0.91015625 0.15 0.125
24 0.64296875 0.92265625 0.1828125 0.121875
24 0.48828125 0.83984375 0.175 0.1125
24 0.66328125 0.8203125 0.159375 0.1078125
24 0.79375 0.7703125 0.1765625 0.125