16 0.8234375 0.6328125 0.175 0.1421875
16 0.83984375 0.36953125 0.1453125 0.1515625
16 0.8609375 0.17265625 0.1234375 0.16875
16 0.7140625 0.2984375 0.1375 0.18125
16 0.4078125 0.19453125 0.1171875 0.171875
16 0.28046875 0.56328125 0.1390625 0.1625
16 0.5078125 0.6375 0.1703125 0.2125
16 0.54296875 0.821875 0.1828125 0.196875
16 0.67265625 0.6890625 0.1703125 0.1921875
16 0.1515625 0.28984375 0.1640625 0.1984375
16 0.28125 0.203125 0.14375 0.171875
16 0.50859375 0.27421875 0.1765625 0.2109375
16 0.46328125 0.43359375 0.1609375 0.1890625