15 0.53203125 0.465625 0.1921875 0.271875
15 0.2421875 0.24453125 0.190625 0.48125
15 0.80390625 0.30546875 0.1890625 0.4046875
15 0.37109375 0.4953125 0.20625 0.3625
15 0.15859375 0.51015625 0.2171875 0.3359375
15 0.55390625 0.77734375 0.1890625 0.4453125
15 0.60390625 0.13828125 0.1359375 0.26875
15 0.44453125 0.16953125 0.2109375 0.3390625
15 0.3859375 0.7640625 0.209375 0.421875
15 0.09765625 0.23671875 0.175 0.290625
15 0.9046875 0.58046875 0.184375 0.2484375
15 0.69921875 0.61953125 0.2453125 0.275
15 0.7984375 0.90234375 0.284375 0.1953125
15 0.1296875 0.88671875 0.259375 0.1953125