16 0.85703125 0.3125 0.065625 0.0765625
16 0.77578125 0.3734375 0.084375 0.0953125
16 0.54765625 0.47265625 0.078125 0.090625
16 0.30390625 0.44765625 0.0640625 0.0765625
16 0.18125 0.63046875 0.0671875 0.090625
16 0.80859375 0.67265625 0.0859375 0.0875
16 0.59609375 0.3625 0.0703125 0.065625
16 0.6953125 0.4984375 0.0796875 0.0859375
16 0.5296875 0.77578125 0.0921875 0.1015625
16 0.409375 0.44140625 0.0515625 0.0671875
16 0.346875 0.5703125 0.078125 0.09375
16 0.5640625 0.55 0.06875 0.075
16 0.48046875 0.63359375 0.090625 0.1015625