21 0.903125 0.3828125 0.19375 0.240625
21 0.6421875 0.36875 0.2359375 0.26796875
21 0.6703125 0.6484375 0.21328125 0.25234375
21 0.825 0.634375 0.14453125 0.171875
21 0.46328125 0.21953125 0.14921875 0.2328125
21 0.275 0.159375 0.14375 0.3171875
21 0.07109375 0.346875 0.1421875 0.28984375
21 0.3421875 0.465625 0.1671875 0.22265625
21 0.4890625 0.62109375 0.15234375 0.2453125
21 0.22421875 0.55078125 0.14375 0.1921875
21 0.178125 0.75859375 0.19609375 0.1828125
21 0.3515625 0.690625 0.1453125 0.20703125