21 0.67734375 0.35234375 0.34375 0.2125
21 0.675 0.13125 0.309375 0.1828125
21 0.6046875 0.47578125 0.3 0.2140625
21 0.790625 0.53515625 0.3015625 0.221875
21 0.22578125 0.61484375 0.3125 0.2125
21 0.23984375 0.825 0.2734375 0.196875
21 0.35859375 0.09609375 0.3453125 0.1921875
21 0.7328125 0.78046875 0.2609375 0.1796875
21 0.51484375 0.7796875 0.2640625 0.165625
21 0.56484375 0.62890625 0.2484375 0.165625
21 0.50546875 0.90078125 0.3453125 0.1984375
21 0.29296875 0.44609375 0.275 0.1921875
21 0.190625 0.9359375 0.24375 0.128125
21 0.09296875 0.35546875 0.1859375 0.1734375