21 0.3015625 0.1296875 0.275 0.2390625
21 0.3421875 0.38828125 0.3125 0.2859375
21 0.61015625 0.30234375 0.2921875 0.2609375
21 0.5640625 0.15390625 0.1984375 0.1765625
21 0.23359375 0.59453125 0.259375 0.1953125
21 0.21328125 0.790625 0.340625 0.20625
21 0.43828125 0.92578125 0.3140625 0.1484375
21 0.49921875 0.66171875 0.2515625 0.209375
21 0.62109375 0.48515625 0.271875 0.2015625
21 0.60703125 0.759375 0.2171875 0.18125
21 0.81953125 0.7609375 0.2203125 0.23125
21 0.7171875 0.60546875 0.23125 0.184375