21 0.4015625 0.6171875 0.1484375 0.190625
21 0.5328125 0.384375 0.1640625 0.2421875
21 0.3875 0.23046875 0.1234375 0.253125
21 0.1828125 0.415625 0.11875 0.25
21 0.365625 0.85 0.146875 0.28125
21 0.1046875 0.6015625 0.1390625 0.228125
21 0.840625 0.5421875 0.1234375 0.309375
21 0.64609375 0.409375 0.1328125 0.2578125
21 0.85546875 0.784375 0.16875 0.1796875
21 0.73984375 0.07890625 0.1609375 0.1578125
21 0.8796875 0.18828125 0.1359375 0.2546875
21 0.40703125 0.4375 0.1328125 0.1828125
21 0.05234375 0.2234375 0.1046875 0.26875
21 0.20234375 0.759375 0.1234375 0.2125
21 0.09609375 0.81953125 0.11875 0.225