21 0.32890625 0.32265625 0.1625 0.1359375
21 0.59375 0.95078125 0.1625 0.0984375
21 0.596875 0.85859375 0.2015625 0.0953125
21 0.765625 0.88203125 0.13125 0.1
21 0.73828125 0.79609375 0.1265625 0.11875
21 0.4265625 0.91015625 0.153125 0.1328125
21 0.78671875 0.63359375 0.1984375 0.1265625
21 0.82578125 0.3796875 0.134375 0.09375
21 0.690625 0.3953125 0.1109375 0.115625
21 0.4671875 0.64609375 0.134375 0.078125
21 0.33125 0.5984375 0.13125 0.0953125
21 0.18671875 0.4296875 0.1375 0.1078125
21 0.19609375 0.53984375 0.1375 0.1015625
21 0.24765625 0.225 0.184375 0.0828125
21 0.18671875 0.3046875 0.103125 0.1109375
21 0.246875 0.13671875 0.21875 0.1046875
21 0.22421875 0.91640625 0.2265625 0.11875
21 0.871875 0.25546875 0.1515625 0.121875
21 0.82109375 0.50859375 0.1609375 0.1015625
21 0.5171875 0.53828125 0.1640625 0.09375
21 0.61484375 0.1234375 0.11875 0.1109375
21 0.56484375 0.334375 0.1578125 0.1359375
21 0.3828125 0.43828125 0.140625 0.1015625
21 0.23046875 0.7375 0.171875 0.1015625
21 0.61484375 0.715625 0.09375 0.10625
21 0.51484375 0.21171875 0.2109375 0.1109375
21 0.50390625 0.04609375 0.15625 0.084375
21 0.71171875 0.253125 0.15 0.1015625
21 0.80390625 0.16171875 0.140625 0.0859375
21 0.7328125 0.07109375 0.13125 0.0984375
21 0.41796875 0.7625 0.16875 0.115625
21 0.83359375 0.740625 0.125 0.1
21 0.66875 0.5046875 0.14375 0.0875