21 0.315625 0.63828125 0.3375 0.196875
21 0.30546875 0.859375 0.3046875 0.1703125
21 0.39453125 0.51875 0.29375 0.2015625
21 0.2109375 0.45 0.29375 0.209375
21 0.7796875 0.39921875 0.30625 0.2
21 0.7765625 0.1890625 0.2671875 0.1859375
21 0.61875 0.91015625 0.340625 0.1796875
21 0.28203125 0.2078125 0.25625 0.16875
21 0.49921875 0.21953125 0.259375 0.1546875
21 0.4421875 0.36796875 0.24375 0.1546875
21 0.51484375 0.0953125 0.3390625 0.190625
21 0.70390625 0.56484375 0.26875 0.1796875
21 0.83203125 0.06875 0.2390625 0.1375
21 0.90390625 0.665625 0.1921875 0.1625