21 0.57890625 0.509375 0.2671875 0.2625
21 0.709375 0.33046875 0.35 0.2109375
21 0.3234375 0.228125 0.325 0.2109375
21 0.16015625 0.49453125 0.2953125 0.2015625
21 0.44375 0.65 0.2125 0.2140625
21 0.32109375 0.81484375 0.2640625 0.23125
21 0.815625 0.58671875 0.234375 0.2078125
21 0.49765625 0.80625 0.2546875 0.253125
21 0.53046875 0.10078125 0.3328125 0.2015625
21 0.11875 0.2265625 0.2375 0.246875
21 0.17421875 0.71875 0.2765625 0.1984375
21 0.6796875 0.87421875 0.2140625 0.1625
21 0.77421875 0.0765625 0.2203125 0.153125
21 0.78203125 0.19140625 0.196875 0.1515625