21 0.54765625 0.42421875 0.196875 0.1890625
21 0.2671875 0.8015625 0.1859375 0.2390625
21 0.83046875 0.76640625 0.1734375 0.1796875
21 0.896875 0.4890625 0.1671875 0.178125
21 0.77421875 0.41875 0.18125 0.1953125
21 0.4875 0.2 0.1765625 0.165625
21 0.196875 0.33515625 0.16875 0.1921875
21 0.23046875 0.553125 0.2375 0.21875
21 0.103125 0.859375 0.20625 0.2
21 0.65546875 0.79296875 0.1875 0.2140625
21 0.78359375 0.2421875 0.1453125 0.1546875
21 0.659375 0.15703125 0.18125 0.1953125
21 0.91015625 0.3328125 0.1609375 0.1625
21 0.775 0.6203125 0.2234375 0.1984375
21 0.36640625 0.1046875 0.171875 0.18125
21 0.35234375 0.26171875 0.159375 0.16875
21 0.384375 0.45390625 0.165625 0.165625
21 0.23203125 0.0578125 0.1640625 0.115625
21 0.5328125 0.60625 0.1921875 0.203125
21 0.17109375 0.6953125 0.18125 0.1734375
21 0.20546875 0.17265625 0.1625 0.153125
21 0.6453125 0.315625 0.1671875 0.171875