21 0.6046875 0.61171875 0.1765625 0.12734375
21 0.3890625 0.453125 0.2265625 0.13828125
21 0.21875 0.57890625 0.24453125 0.09453125
21 0.37734375 0.8046875 0.23984375 0.08984375
21 0.83125 0.67578125 0.26875 0.115625
21 0.55234375 0.9046875 0.21640625 0.1140625
21 0.58359375 0.1671875 0.30078125 0.08671875
21 0.428125 0.34375 0.24609375 0.103125
21 0.82578125 0.18203125 0.1625 0.15
21 0.09375 0.20859375 0.178125 0.140625
21 0.23671875 0.08515625 0.24375 0.10703125
21 0.4265625 0.584375 0.1703125 0.11328125
21 0.16953125 0.9296875 0.25546875 0.11171875
21 0.72109375 0.82734375 0.2015625 0.09921875
21 0.76796875 0.93984375 0.215625 0.09453125