21 0.61015625 0.60625 0.1828125 0.1375
21 0.38671875 0.459375 0.2328125 0.1484375
21 0.2234375 0.59375 0.2484375 0.10625
21 0.39375 0.8109375 0.2453125 0.103125
21 0.83984375 0.65859375 0.275 0.1296875
21 0.5734375 0.9015625 0.221875 0.125
21 0.56640625 0.16328125 0.3046875 0.103125
21 0.4203125 0.34765625 0.2515625 0.115625
21 0.80859375 0.165625 0.1703125 0.1578125
21 0.0859375 0.2296875 0.171875 0.15
21 0.215625 0.09921875 0.2484375 0.11875
21 0.43125 0.58828125 0.1765625 0.121875
21 0.1921875 0.94140625 0.2625 0.1171875
21 0.73828125 0.815625 0.20625 0.1109375
21 0.790625 0.925 0.2203125 0.1046875